60447 0
11693 1
3252 2
2989 3
2942 4
2978 5
2957 6
3069 7
2814 8
2934 9
2865 10
2882 11
2931 12
2914 13
2813 14
9608 15
3173 16
2995 17
2790 18
2825 19
2933 20
2762 21
2775 22
2839 23
2966 24
2978 25
2994 26
2845 27
3084 28
2963 29
2972 30
2769 31
2715 32
2822 33
2813 34
3012 35
2822 36
3032 37
3136 38
3130 39
8621 40
2926 41
2839 42
2819 43
2960 44
2842 45
2749 46
2851 47
2740 48
3102 49
2945 50
3033 51
2775 52
2854 53
2873 54
2851 55
3208 56
2830 57
2825 58
3156 59
2824 60
2999 61
2985 62
2943 63
8451 64
3191 65
2942 66
2822 67
2805 68
2925 69
2799 70
2896 71
2807 72
2791 73
2908 74
2931 75
2931 76
2902 77
2889 78
2957 79
2856 80
2951 81
2819 82
3215 83
2841 84
2799 85
2867 86
3137 87
7767 88
3462 89
2795 90
2842 91
2784 92
2831 93
2943 94
2890 95
2949 96
2899 97
2995 98
2836 99
3012 100
3067 101
2929 102
2841 103
3067 104
3130 105
2941 106
2841 107
2784 108
2802 109
2876 110
3171 111
8471 112
3171 113
2908 114
2902 115
2871 116
2914 117
2925 118
2989 119
3220 120
2929 121
3003 122
2896 123
2975 124
2909 125
28510 126
11327 127
940872 128
17244 129
3350 130
35135 131
2813 132
2666 133
2983 134
2903 135
19555 136
2553 137
2513 138
2499 139
2516 140
2486 141
2499 142
2507 143
2553 144
2545 145
2498 146
2537 147
2651 148
2519 149
2541 150
2548 151
2545 152
2507 153
2715 154
2698 155
2781 156
2732 157
2720 158
9371 159
2594 160
2588 161
2583 162
2518 163
2545 164
2553 165
2585 166
2530 167
2473 168
2623 169
2423 170
2516 171
2493 172
2498 173
2542 174
2582 175
2545 176
2524 177
2490 178
2669 179
2591 180
2723 181
8497 182
2698 183
2562 184
2489 185
2542 186
2548 187
2512 188
2554 189
2643 190
2573 191
2652 192
2492 193
2753 194
2547 195
2542 196
2608 197
2525 198
2519 199
2576 200
2455 201
2467 202
2510 203
2611 204
14662 205
3102 206
2683 207
2524 208
2464 209
2637 210
2435 211
2432 212
2452 213
2465 214
2463 215
2447 216
2571 217
2470 218
2463 219
2415 220
2473 221
2458 222
2435 223
2461 224
2507 225
2461 226
2600 227
2674 228
8540 229
2438 230
2366 231
2354 232
2363 233
2371 234
2404 235
2377 236
2363 237
2386 238
2354 239
23024 240
3243 241
2486 242
2392 243
2398 244
2371 245
2380 246
2401 247
2386 248
2343 249
2489 250
2594 251
8725 252
2498 253
2392 254
48412 255
4810 256
2484 257
2582 258
2406 259
2377 260
2407 261
2389 262
2366 263
2553 264
2449 265
2430 266
2576 267
2432 268
2372 269
2400 270
2357 271
2395 272
2400 273
2634 274
10124 275
2712 276
2475 277
2407 278
2343 279
2469 280
2412 281
2398 282
2415 283
2377 284
2435 285
2394 286
2387 287
2403 288
2484 289
2432 290
2389 291
2423 292
2424 293
2418 294
2516 295
2639 296
2582 297
7866 298
3107 299
2400 300
2591 301
2346 302
2322 303
2380 304
2364 305
2382 306
2407 307
2371 308
2363 309
2354 310
2441 311
2392 312
2386 313
2366 314
2392 315
2362 316
2496 317
2426 318
2435 319
2580 320
2853 321
9131 322
2519 323
2377 324
2419 325
2466 326
2412 327
2394 328
2496 329
2401 330
2397 331
2588 332
2366 333
2392 334
2547 335
2375 336
2432 337
2366 338
2406 339
2363 340
2400 341
2412 342
2519 343
2631 344
9112 345
2818 346
2421 347
2481 348
2386 349
2452 350
2412 351
2412 352
2418 353
2447 354
2429 355
2386 356
2435 357
2484 358
2452 359
2432 360
2389 361
2588 362
2508 363
2409 364
2446 365
2461 366
2637 367
8647 368
2651 369
2611 370
2415 371
2401 372
2527 373
2458 374
2507 375
2429 376
2398 377
2420 378
2389 379
2381 380
2512 381
2618 382
4549 383
2764 384
2406 385
2424 386
2550 387
2412 388
2588 389
2741 390
2605 391
9238 392
2868 393
2632 394
2342 395
2389 396
2484 397
2383 398
2747 399
2579 400
2709 401
2816 402
3024 403
2553 404
2900 405
2619 406
2724 407
2663 408
2374 409
2493 410
2398 411
2395 412
2538 413
2733 414
8430 415
2585 416
2415 417
2426 418
2507 419
2383 420
2450 421
2660 422
2351 423
2395 424
2403 425
2461 426
2378 427
2426 428
2455 429
2392 430
2403 431
2384 432
2356 433
2355 434
2513 435
2576 436
2614 437
8081 438
2767 439
2418 440
2472 441
2464 442
2536 443
2395 444
2490 445
2484 446
23156 447
3228 448
2536 449
2395 450
2412 451
2343 452
2389 453
2440 454
2383 455
2389 456
2406 457
2470 458
2487 459
2678 460
9633 461
2776 462
2486 463
2389 464
2360 465
2383 466
2412 467
2485 468
2374 469
2438 470
2458 471
2374 472
2386 473
2412 474
2479 475
2380 476
2392 477
2556 478
2394 479
2392 480
2482 481
2417 482
2646 483
2746 484
8321 485
2478 486
2361 487
2544 488
2375 489
2343 490
2417 491
2395 492
2394 493
2404 494
2417 495
2450 496
2418 497
2403 498
2409 499
2516 500
2354 501
2424 502
2386 503
2686 504
2420 505
2623 506
2769 507
8370 508
2531 509
2379 510
2392 511
2418 512
2666 513
2447 514
2452 515
2403 516
2421 517
2389 518
2556 519
2415 520
2365 521
2392 522
2432 523
2378 524
2400 525
2435 526
2377 527
2369 528
2415 529
6053 530
12048 531
2770 532
2527 533
2424 534
2469 535
2502 536
2441 537
2585 538
2383 539
2383 540
2594 541
2403 542
2377 543
2412 544
2392 545
2329 546
2328 547
2412 548
2400 549
2398 550
2400 551
2441 552
2565 553
7851 554
3014 555
2398 556
2490 557
2400 558
2389 559
2409 560
2400 561
2378 562
2392 563
2397 564
2397 565
2407 566
2374 567
2401 568
2377 569
2426 570
2533 571
2435 572
2335 573
2374 574
2372 575
2533 576
2602 577
14939 578
2646 579
2397 580
2418 581
2352 582
2418 583
2435 584
2405 585
2465 586
2544 587
2386 588
2418 589
2429 590
2412 591
2421 592
2423 593
2386 594
2441 595
2415 596
2386 597
2444 598
2518 599
2631 600
7718 601
2695 602
2420 603
2404 604
2495 605
2360 606
2427 607
2536 608
2530 609
2418 610
2493 611
2501 612
2412 613
2417 614
2407 615
2415 616
2391 617
2389 618
2372 619
2380 620
2409 621
2502 622
2925 623
8087 624
2712 625
2424 626
2443 627
2401 628
2389 629
2458 630
2435 631
2443 632
2395 633
2398 634
2403 635
2493 636
2489 637
2490 638
2447 639
2383 640
2490 641
2420 642
2401 643
2383 644
2395 645
2735 646
2648 647
8552 648
2455 649
2412 650
2397 651
2412 652
2375 653
2418 654
2461 655
2415 656
2394 657
4692 658
2821 659
2455 660
2421 661
2374 662
2372 663
2594 664
2354 665
2395 666
2489 667
2557 668
2873 669
2718 670
9458 671
2758 672
2429 673
2389 674
2368 675
2369 676
2381 677
2414 678
2406 679
2392 680
2378 681
2371 682
2351 683
2375 684
2383 685
2377 686
2346 687
2409 688
2473 689
2443 690
2496 691
2481 692
2623 693
8115 694
2735 695
2415 696
2386 697
2427 698
2395 699
2371 700
2377 701
2470 702
2438 703
2371 704
2453 705
2417 706
2407 707
2446 708
2409 709
2395 710
2415 711
2619 712
2435 713
2447 714
2574 715
2608 716
8266 717
2888 718
2409 719
2435 720
2435 721
2490 722
2455 723
2406 724
2432 725
2398 726
2452 727
2455 728
2392 729
2542 730
2493 731
2392 732
2389 733
2458 734
2380 735
2418 736
2423 737
2418 738
2596 739
2669 740
9149 741
2507 742
2617 743
2371 744
2415 745
2366 746
2389 747
2414 748
2430 749
2394 750
2389 751
2364 752
2481 753
2516 754
2463 755
2392 756
2371 757
2398 758
2435 759
2403 760
2404 761
2559 762
2591 763
8522 764
2620 765
2375 766
2383 767
2412 768
2481 769
2386 770
2398 771
2351 772
2397 773
2427 774
2366 775
2385 776
2409 777
2387 778
2400 779
2401 780
2388 781
2389 782
2415 783
2398 784
2412 785
4385 786
9134 787
2628 788
2407 789
2432 790
2366 791
2351 792
2369 793
2395 794
2475 795
2455 796
2389 797
2458 798
2421 799
2423 800
2424 801
29373 802
3000 803
2588 804
2409 805
2441 806
2508 807
2536 808
2602 809
9858 810
3295 811
2470 812
2507 813
2476 814
2469 815
2427 816
2437 817
2502 818
2470 819
2483 820
2531 821
2475 822
2429 823
2473 824
2478 825
2490 826
2464 827
2467 828
2481 829
2447 830
2489 831
2620 832
2747 833
8373 834
2472 835
2576 836
2435 837
2433 838
2495 839
2571 840
2438 841
2495 842
2482 843
2568 844
2446 845
2513 846
2487 847
2415 848
2452 849
2455 850
2562 851
2424 852
2452 853
2412 854
2617 855
2625 856
11478 857
2833 858
2616 859
2620 860
2490 861
2481 862
2449 863
2458 864
2516 865
2458 866
2450 867
2435 868
2441 869
2461 870
2502 871
2656 872
2618 873
2440 874
2499 875
2464 876
2441 877
2472 878
2675 879
8551 880
2654 881
2473 882
2484 883
2443 884
2441 885
2473 886
2452 887
2464 888
2447 889
2521 890
2554 891
2417 892
2470 893
2496 894
2458 895
12025 896
2949 897
2801 898
2496 899
2458 900
2472 901
2707 902
2755 903
8874 904
2418 905
2453 906
2544 907
2450 908
2484 909
2484 910
2524 911
2568 912
2464 913
4858 914
2822 915
2459 916
2593 917
2473 918
2513 919
2478 920
75682 921
4233 922
2879 923
2545 924
2761 925
2758 926
10086 927
2666 928
2441 929
2478 930
2493 931
2467 932
2455 933
2470 934
2475 935
2519 936
2545 937
2449 938
2484 939
2484 940
2476 941
2469 942
2675 943
2697 944
2496 945
2453 946
2691 947
2646 948
2680 949
8462 950
2594 951
2496 952
2481 953
2461 954
2464 955
2567 956
2476 957
2510 958
2475 959
2455 960
2505 961
2605 962
2660 963
2505 964
2484 965
2458 966
2533 967
2466 968
2462 969
2461 970
2590 971
2744 972
8364 973
2952 974
2553 975
2530 976
2507 977
2519 978
2516 979
2501 980
2510 981
2464 982
2496 983
2596 984
2482 985
2512 986
2485 987
2522 988
2466 989
2470 990
2498 991
2496 992
2481 993
2727 994
2674 995
8289 996
2801 997
2455 998
2672 999
2441 1000
2539 1001
2464 1002
2464 1003
2487 1004
2504 1005
2475 1006
2493 1007
2530 1008
2462 1009
2463 1010
2479 1011
2513 1012
2486 1013
2531 1014
2513 1015
2484 1016
2493 1017
2619 1018
2701 1019
8309 1020
2510 1021
2447 1022
2446 1023
2452 1024
2508 1025
2461 1026
2510 1027
2657 1028
2839 1029
1754 1030
2020 1031
1771 1032
1763 1033
1771 1034
1801 1035
1765 1036
1904 1037
1778 1038
1820 1039
1760 1040
2184 1041
1979 1042
7432 1043
2038 1044
1762 1045
1783 1046
1752 1047
1759 1048
1703 1049
1777 1050
1803 1051
1722 1052
1864 1053
1798 1054
1812 1055
1684 1056
1781 1057
1745 1058
1745 1059
1746 1060
1786 1061
1766 1062
1742 1063
1809 1064
1994 1065
7902 1066
2034 1067
1748 1068
1763 1069
1737 1070
1786 1071
1797 1072
1787 1073
1742 1074
1754 1075
1792 1076
1771 1077
1766 1078
1769 1079
1777 1080
1757 1081
1768 1082
1838 1083
1763 1084
1749 1085
1777 1086
1786 1087
1958 1088
7265 1089
2268 1090
1757 1091
1771 1092
1754 1093
1743 1094
1769 1095
1742 1096
1830 1097
1779 1098
1772 1099
1671 1100
1783 1101
1809 1102
1777 1103
1800 1104
1766 1105
1996 1106
1758 1107
1771 1108
1772 1109
1768 1110
1921 1111
1974 1112
7564 1113
1960 1114
1944 1115
1786 1116
1798 1117
1820 1118
1806 1119
1745 1120
1763 1121
1835 1122
1766 1123
1775 1124
1754 1125
1794 1126
1786 1127
1775 1128
1748 1129
1739 1130
1749 1131
1728 1132
1751 1133
1925 1134
1970 1135
7911 1136
2046 1137
1754 1138
1800 1139
1876 1140
1733 1141
1720 1142
1745 1143
1720 1144
1777 1145
1740 1146
1765 1147
1778 1148
19760 1149
2049 1150
1860 1151
1754 1152
1752 1153
1757 1154
1800 1155
1754 1156
1800 1157
1971 1158
8460 1159
2039 1160
1746 1161
1766 1162
1742 1163
1748 1164
1784 1165
1765 1166
1754 1167
1766 1168
1760 1169
1765 1170
1751 1171
1815 1172
1784 1173
1782 1174
1752 1175
1751 1176
1743 1177
1777 1178
1766 1179
1751 1180
1999 1181
1976 1182
9833 1183
1904 1184
1769 1185
1762 1186
1761 1187
1774 1188
1760 1189
1774 1190
1794 1191
1775 1192
1809 1193
1774 1194
11351 1195
1849 1196
1737 1197
1751 1198
1745 1199
1665 1200
1740 1201
1759 1202
1761 1203
1904 1204
1953 1205
7100 1206
1919 1207
1739 1208
1639 1209
1683 1210
1731 1211
1733 1212
1683 1213
1924 1214
1676 1215
1743 1216
1731 1217
1757 1218
1771 1219
1769 1220
1725 1221
1760 1222
1766 1223
1743 1224
1762 1225
1679 1226
1977 1227
1866 1228
7401 1229
1996 1230
1685 1231
1740 1232
1763 1233
1745 1234
1742 1235
1937 1236
1676 1237
1760 1238
1759 1239
1746 1240
1656 1241
1769 1242
1688 1243
1855 1244
1734 1245
1748 1246
1748 1247
1761 1248
1687 1249
1780 1250
1910 1251
7034 1252
2005 1253
1746 1254
1728 1255
1671 1256
1725 1257
1691 1258
1751 1259
1711 1260
1742 1261
1743 1262
1734 1263
13277 1264
2302 1265
1850 1266
1719 1267
1853 1268
1754 1269
1740 1270
1745 1271
1720 1272
1802 1273
1957 1274
7648 1275
2153 1276
1849 1277
1757 1278
1746 1279
1719 1280
1679 1281
1757 1282
1685 1283
1743 1284
1754 1285
1745 1286
1749 1287
1737 1288
1765 1289
1771 1290
1752 1291
1751 1292
1725 1293
1734 1294
1680 1295
1754 1296
1864 1297
1976 1298
6840 1299
2038 1300
1759 1301
1784 1302
1759 1303
1694 1304
1641 1305
1740 1306
1682 1307
1812 1308
1754 1309
1749 1310
1745 1311
1731 1312
1746 1313
1763 1314
1759 1315
1731 1316
1737 1317
1755 1318
1708 1319
1771 1320
1965 1321
7166 1322
2011 1323
1760 1324
1803 1325
1766 1326
1659 1327
1725 1328
1700 1329
1756 1330
1694 1331
1676 1332
1757 1333
1680 1334
1708 1335
1760 1336
1762 1337
1703 1338
1774 1339
1662 1340
1751 1341
1696 1342
1807 1343
1918 1344
6564 1345
2103 1346
1745 1347
1746 1348
1746 1349
1748 1350
1717 1351
1673 1352
1887 1353
1725 1354
1745 1355
1671 1356
1751 1357
1688 1358
1685 1359
1771 1360
1729 1361
1737 1362
1705 1363
1751 1364
1748 1365
1691 1366
1919 1367
1887 1368
7449 1369
1927 1370
1754 1371
1743 1372
1737 1373
1768 1374
1752 1375
1736 1376
1824 1377
1760 1378
1685 1379
1947 1380
1671 1381
1757 1382
1702 1383
1760 1384
1763 1385
1757 1386
1748 1387
1760 1388
1754 1389
1864 1390
1973 1391
6974 1392
1921 1393
1734 1394
1734 1395
1716 1396
1766 1397
1879 1398
1754 1399
1737 1400
1734 1401
1734 1402
1748 1403
1861 1404
1736 1405
1772 1406
1720 1407
1728 1408
1739 1409
1764 1410
1698 1411
1775 1412
1997 1413
1921 1414
7475 1415
1983 1416
1745 1417
1696 1418
1775 1419
1725 1420
1702 1421
1763 1422
1688 1423
1763 1424
1702 1425
6849 1426
2256 1427
1717 1428
1910 1429
1751 1430
1743 1431
1760 1432
1759 1433
1758 1434
1719 1435
1800 1436
1962 1437
7178 1438
2147 1439
1731 1440
1763 1441
1742 1442
2000 1443
1746 1444
1751 1445
1745 1446
1700 1447
1765 1448
1757 1449
1769 1450
1751 1451
1763 1452
1754 1453
1751 1454
1760 1455
1763 1456
1763 1457
1760 1458
1783 1459
1927 1460
1896 1461
7475 1462
1985 1463
1766 1464
1693 1465
1783 1466
1748 1467
1763 1468
1754 1469
1818 1470
1763 1471
1749 1472
1739 1473
1737 1474
1682 1475
1754 1476
1841 1477
1765 1478
1752 1479
1742 1480
1694 1481
1751 1482
1867 1483
1991 1484
7495 1485
2014 1486
1763 1487
1745 1488
1749 1489
1696 1490
1939 1491
1742 1492
1738 1493
1765 1494
1763 1495
1731 1496
1693 1497
1766 1498
1668 1499
1754 1500
1679 1501
1743 1502
1768 1503
1751 1504
1680 1505
1780 1506
1904 1507
9512 1508
2132 1509
1717 1510
1754 1511
1737 1512
1769 1513
1768 1514
1766 1515
1737 1516
1748 1517
1651 1518
1748 1519
1673 1520
1691 1521
1690 1522
1743 1523
1728 1524
1752 1525
1685 1526
1708 1527
1733 1528
1720 1529
1915 1530
6728 1531
2254 1532
1734 1533
1751 1534
1746 1535
1754 1536
1760 1537
1754 1538
1748 1539
1760 1540
1757 1541
1754 1542
1864 1543
1769 1544
1783 1545
1763 1546
1754 1547
1846 1548
1737 1549
1725 1550
1703 1551
1762 1552
1916 1553
1968 1554
7279 1555
1947 1556
1758 1557
1742 1558
1697 1559
1702 1560
1768 1561
1691 1562
1754 1563
1708 1564
1867 1565
1745 1566
1780 1567
1766 1568
1763 1569
1722 1570
1763 1571
1809 1572
1751 1573
1748 1574
1749 1575
1844 1576
1982 1577
6947 1578
2023 1579
1768 1580
1725 1581
1683 1582
1751 1583
1759 1584
1749 1585
1766 1586
1719 1587
1778 1588
1815 1589
1748 1590
1693 1591
1754 1592
1763 1593
1697 1594
1710 1595
1665 1596
31156 1597
1968 1598
2014 1599
2029 1600
8046 1601
2213 1602
1751 1603
1717 1604
16641 1605
2262 1606
1849 1607
1749 1608
1742 1609
1740 1610
1760 1611
1772 1612
1673 1613
1780 1614
1708 1615
1737 1616
1866 1617
1691 1618
1731 1619
1749 1620
1751 1621
1734 1622
1915 1623
1954 1624
8309 1625
1893 1626
1771 1627
1734 1628
1734 1629
1896 1630
1742 1631
1725 1632
1761 1633
1684 1634
1743 1635
1725 1636
1740 1637
1821 1638
1745 1639
1742 1640
1720 1641
1699 1642
1754 1643
1703 1644
1757 1645
1763 1646
2089 1647
6952 1648
1902 1649
1751 1650
1760 1651
1740 1652
1757 1653
1739 1654
1734 1655
1939 1656
1743 1657
1734 1658
1736 1659
1755 1660
1740 1661
1733 1662
1683 1663
1687 1664
1737 1665
1665 1666
1697 1667
1719 1668
1852 1669
1953 1670
14362 1671
2098 1672
1789 1673
1719 1674
1685 1675
1748 1676
1611 1677
1736 1678
1668 1679
1682 1680
1665 1681
1716 1682
1711 1683
1743 1684
1733 1685
1738 1686
1699 1687
1737 1688
1679 1689
1760 1690
1668 1691
1713 1692
1890 1693
6829 1694
2172 1695
1729 1696
1800 1697
1702 1698
1760 1699
1688 1700
1754 1701
1688 1702
1751 1703
1682 1704
1737 1705
1679 1706
1708 1707
1697 1708
1782 1709
1691 1710
1722 1711
1642 1712
1749 1713
1728 1714
1734 1715
1766 1716
1904 1717
6984 1718
1884 1719
1668 1720
1720 1721
1728 1722
1748 1723
1835 1724
1714 1725
1693 1726
1728 1727
1648 1728
1783 1729
1717 1730
1684 1731
1772 1732
1688 1733
1656 1734
1647 1735
1726 1736
1875 1737
1676 1738
1760 1739
1936 1740
6898 1741
2014 1742
1786 1743
1731 1744
1740 1745
1731 1746
195940 1747
4656 1748
2202 1749
1754 1750
1795 1751
1739 1752
1893 1753
1708 1754
1650 1755
1731 1756
1662 1757
1668 1758
1725 1759
1659 1760
1757 1761
1873 1762
1941 1763
10525 1764
1988 1765
1875 1766
1631 1767
1748 1768
1731 1769
1645 1770
1624 1771
1734 1772
1742 1773
1752 1774
1719 1775
1890 1776
1711 1777
1803 1778
1708 1779
1720 1780
1698 1781
1708 1782
1708 1783
1711 1784
1879 1785
1924 1786
10488 1787
2065 1788
1769 1789
1618 1790
1740 1791
1728 1792
1631 1793
1627 1794
1639 1795
1629 1796
1627 1797
1625 1798
1624 1799
1746 1800
1771 1801
1624 1802
1622 1803
1619 1804
1728 1805
1739 1806
1631 1807
1658 1808
1931 1809
7132 1810
2198 1811
1622 1812
1615 1813
1740 1814
1650 1815
1610 1816
1601 1817
1729 1818
1737 1819
1733 1820
1740 1821
1731 1822
1731 1823
1760 1824
1728 1825
1927 1826
1749 1827
1621 1828
1734 1829
1720 1830
1731 1831
1887 1832
1941 1833
6991 1834
1818 1835
1630 1836
1619 1837
1728 1838
1768 1839
1899 1840
1618 1841
1702 1842
1622 1843
1725 1844
1722 1845
1616 1846
1740 1847
1627 1848
1726 1849
1704 1850
1735 1851
1722 1852
1826 1853
1729 1854
1823 1855
1933 1856
6644 1857
1800 1858
1634 1859
1734 1860
1728 1861
1742 1862
1619 1863
1627 1864
1630 1865
1630 1866
1624 1867
1717 1868
1732 1869
1598 1870
1737 1871
1609 1872
1714 1873
1731 1874
1737 1875
1734 1876
1731 1877
1769 1878
1956 1879
7510 1880
2178 1881
1745 1882
1737 1883
1731 1884
1737 1885
1636 1886
1613 1887
1601 1888
1610 1889
1795 1890
1725 1891
1722 1892
1717 1893
1711 1894
1734 1895
1618 1896
1610 1897
1723 1898
1722 1899
1731 1900
1734 1901
1878 1902
2037 1903
6910 1904
1780 1905
1729 1906
1751 1907
1728 1908
1734 1909
1754 1910
1624 1911
1622 1912
1733 1913
1622 1914
1621 1915
1634 1916
1762 1917
1616 1918
1737 1919
1737 1920
1748 1921
1633 1922
1627 1923
1624 1924
1726 1925
2002 1926
6708 1927
1835 1928
1739 1929
1735 1930
1737 1931
1742 1932
1728 1933
1740 1934
1731 1935
1945 1936
1722 1937
1728 1938
1722 1939
1798 1940
1757 1941
1729 1942
1638 1943
1740 1944
1734 1945
1610 1946
1716 1947
1717 1948
1939 1949
7037 1950
1782 1951
1628 1952
1615 1953
1613 1954
1619 1955
1615 1956
1734 1957
1728 1958
1861 1959
1613 1960
1604 1961
1708 1962
1731 1963
1743 1964
1719 1965
1741 1966
1742 1967
1731 1968
1743 1969
1733 1970
1792 1971
1947 1972
6590 1973
2167 1974
1731 1975
1628 1976
1644 1977
1618 1978
1625 1979
1624 1980
1639 1981
1890 1982
1733 1983
1752 1984
1733 1985
1766 1986
1743 1987
1745 1988
1743 1989
1743 1990
1745 1991
1731 1992
1731 1993
1746 1994
1916 1995
1849 1996
26240 1997
3041 1998
1792 1999
1632 2000
1622 2001
1754 2002
1578 2003
1570 2004
1619 2005
1549 2006
1673 2007
1748 2008
1631 2009
1748 2010
1751 2011
1732 2012
1728 2013
1719 2014
1659 2015
1731 2016
1749 2017
1866 2018
1956 2019
8445 2020
1794 2021
1625 2022
1621 2023
1734 2024
1740 2025
1743 2026
1745 2027
1731 2028
1737 2029
1739 2030
1741 2031
1855 2032
1630 2033
1630 2034
1624 2035
1618 2036
1625 2037
1731 2038
1829 2039
1622 2040
1664 2041
1962 2042
6691 2043
1944 2044
1749 2045
1621 2046
1642 2047
1624 2048
1616 2049
1621 2050
1803 2051
1613 2052
1622 2053
1725 2054
1737 2055
1748 2056
1651 2057
1742 2058
1621 2059
1625 2060
1731 2061
1740 2062
1745 2063
1653 2064
1797 2065
6977 2066
2100 2067
1616 2068
1613 2069
1618 2070
1619 2071
1734 2072
1731 2073
1618 2074
1622 2075
1731 2076
1734 2077
1722 2078
1720 2079
1772 2080
1748 2081
1635 2082
1916 2083
1613 2084
1607 2085
1613 2086
1618 2087
1904 2088
1960 2089
7166 2090
1699 2091
1625 2092
1633 2093
1624 2094
1752 2095
1745 2096
1633 2097
1751 2098
1757 2099
1743 2100
1746 2101
1754 2102
1756 2103
1749 2104
1737 2105
1731 2106
1742 2107
1723 2108
1739 2109
1787 2110
1835 2111
1929 2112
9565 2113
2022 2114
1746 2115
1742 2116
1746 2117
1783 2118
1717 2119
1739 2120
1740 2121
1716 2122
1734 2123
1731 2124
1712 2125
1728 2126
1748 2127
1737 2128
1739 2129
1729 2130
1893 2131
1736 2132
1746 2133
1676 2134
2002 2135
8569 2136
2147 2137
1742 2138
1728 2139
1633 2140
1633 2141
1628 2142
1661 2143
1636 2144
1754 2145
1624 2146
1642 2147
1634 2148
1742 2149
1720 2150
1736 2151
1616 2152
1616 2153
1612 2154
1740 2155
1734 2156
1613 2157
2063 2158
1953 2159
6991 2160
1774 2161
1722 2162
1625 2163
1731 2164
1725 2165
1731 2166
1913 2167
1725 2168
1729 2169
1742 2170
1948 2171
1734 2172
1736 2173
1740 2174
1740 2175
1627 2176
1618 2177
1734 2178
1622 2179
1616 2180
1725 2181
2060 2182
7368 2183
1832 2184
1754 2185
1637 2186
1742 2187
1734 2188
1625 2189
1725 2190
1728 2191
1604 2192
1604 2193
1754 2194
1731 2195
1616 2196
1650 2197
1625 2198
1736 2199
1738 2200
1612 2201
1619 2202
1768 2203
1833 2204
1935 2205
7369 2206
1818 2207
1630 2208
1739 2209
1737 2210
1616 2211
1711 2212
1716 2213
1749 2214
1739 2215
1734 2216
1725 2217
1729 2218
1699 2219
1734 2220
1610 2221
1613 2222
1607 2223
1708 2224
1725 2225
1616 2226
1762 2227
1954 2228
6731 2229
2069 2230
1863 2231
1740 2232
1737 2233
1621 2234
1743 2235
1740 2236
1742 2237
1616 2238
1731 2239
1720 2240
1742 2241
1618 2242
1741 2243
1618 2244
1610 2245
1616 2246
1630 2247
1624 2248
1769 2249
1731 2250
1915 2251
1832 2252
7415 2253
1812 2254
1714 2255
1800 2256
1734 2257
1618 2258
1619 2259
1610 2260
1697 2261
1624 2262
1621 2263
1616 2264
1613 2265
1627 2266
1837 2267
1731 2268
1619 2269
1607 2270
1723 2271
1699 2272
1734 2273
1832 2274
1835 2275
6930 2276
1803 2277
1740 2278
1734 2279
1734 2280
1719 2281
1729 2282
1612 2283
1714 2284
1731 2285
1740 2286
1737 2287
17922 2288
2351 2289
1861 2290
1737 2291
1731 2292
1826 2293
1729 2294
1743 2295
1615 2296
1659 2297
1838 2298
8687 2299
1786 2300
1722 2301
1884 2302
1743 2303
1710 2304
1731 2305
1945 2306
1734 2307
1740 2308
1748 2309
1714 2310
1734 2311
1731 2312
1760 2313
1624 2314
1740 2315
1714 2316
1691 2317
1731 2318
1748 2319
1774 2320
1925 2321
6710 2322
2248 2323
1613 2324
1627 2325
1618 2326
1731 2327
1735 2328
1728 2329
1731 2330
1621 2331
1613 2332
1627 2333
1624 2334
1741 2335
1754 2336
1731 2337
1731 2338
1731 2339
1728 2340
1604 2341
1786 2342
1716 2343
2029 2344
1941 2345
13814 2346
1893 2347
1625 2348
1615 2349
1731 2350
1720 2351
1766 2352
1618 2353
1607 2354
1601 2355
1613 2356
1734 2357
1740 2358
1748 2359
1719 2360
1605 2361
1679 2362
1616 2363
1609 2364
1754 2365
1714 2366
1717 2367
1921 2368
7153 2369
1904 2370
1745 2371
1616 2372
1618 2373
1613 2374
1729 2375
1618 2376
1627 2377
1607 2378
1728 2379
1610 2380
1625 2381
1624 2382
1636 2383
1717 2384
1751 2385
1725 2386
1630 2387
1746 2388
1748 2389
1763 2390
1832 2391
6959 2392
2141 2393
1829 2394
1610 2395
1722 2396
1728 2397
1734 2398
1731 2399
1731 2400
1749 2401
1739 2402
1717 2403
1745 2404
1740 2405
1723 2406
1751 2407
1613 2408
1710 2409
1731 2410
1703 2411
1725 2412
1731 2413
1792 2414
1841 2415
6763 2416
1779 2417
1630 2418
1715 2419
1722 2420
1601 2421
1737 2422
1737 2423
1716 2424
1714 2425
1742 2426
1599 2427
1714 2428
1731 2429
1924 2430
1711 2431
1740 2432
1734 2433
1725 2434
1728 2435
1726 2436
1829 2437
1945 2438
9183 2439
1884 2440
1656 2441
1621 2442
1621 2443
1625 2444
1818 2445
1751 2446
1809 2447
1731 2448
1740 2449
9094 2450
2259 2451
1621 2452
1760 2453
1719 2454
1725 2455
1726 2456
1714 2457
1719 2458
1717 2459
1697 2460
1929 2461
7554 2462
1930 2463
1751 2464
1728 2465
1726 2466
1708 2467
1716 2468
1829 2469
1717 2470
1722 2471
1731 2472
1726 2473
1734 2474
1618 2475
1619 2476
1604 2477
1622 2478
1655 2479
57469 2480
2634 2481
1731 2482
1654 2483
1800 2484
9665 2485
2242 2486
1584 2487
1586 2488
1714 2489
1587 2490
1596 2491
1595 2492
1590 2493
1581 2494
1569 2495
1587 2496
1575 2497
1570 2498
1578 2499
1567 2500
1569 2501
1521 2502
1558 2503
1569 2504
1564 2505
1558 2506
1745 2507
1801 2508
6869 2509
1679 2510
1570 2511
1590 2512
1583 2513
1593 2514
1598 2515
1584 2516
1596 2517
1561 2518
1581 2519
1581 2520
1575 2521
1526 2522
1558 2523
1596 2524
1575 2525
1581 2526
1581 2527
1584 2528
1584 2529
1806 2530
2008 2531
6803 2532
1763 2533
1584 2534
1587 2535
1586 2536
1619 2537
1587 2538
1578 2539
1570 2540
1586 2541
1593 2542
1584 2543
1619 2544
1558 2545
1571 2546
1605 2547
1564 2548
1578 2549
1572 2550
1774 2551
1564 2552
1605 2553
1777 2554
6869 2555
1742 2556
1591 2557
1569 2558
1584 2559
1558 2560
1575 2561
1590 2562
1598 2563
1581 2564
1584 2565
145950 2566
4010 2567
1895 2568
1743 2569
1705 2570
1734 2571
1910 2572
1731 2573
1725 2574
1732 2575
1739 2576
1763 2577
10017 2578
1965 2579
1685 2580
1719 2581
1703 2582
1644 2583
1714 2584
1667 2585
1648 2586
1714 2587
1653 2588
1644 2589
1700 2590
1647 2591
1731 2592
1800 2593
1634 2594
1650 2595
1610 2596
1699 2597
1711 2598
1560 2599
1891 2600
6903 2601
2043 2602
1772 2603
1725 2604
1734 2605
1731 2606
1702 2607
1639 2608
1639 2609
1650 2610
1722 2611
1660 2612
1708 2613
1638 2614
1728 2615
1665 2616
1639 2617
1716 2618
1659 2619
1645 2620
1705 2621
1653 2622
1812 2623
1921 2624
6705 2625
1821 2626
1673 2627
1731 2628
1660 2629
1684 2630
1656 2631
1662 2632
1645 2633
1644 2634
1723 2635
1644 2636
1526 2637
1634 2638
1650 2639
1639 2640
1546 2641
1639 2642
1540 2643
1639 2644
1714 2645
1731 2646
1921 2647
6809 2648
1830 2649
1751 2650
1615 2651
1613 2652
1564 2653
1737 2654
1728 2655
1734 2656
1731 2657
1725 2658
1714 2659
1716 2660
1604 2661
1729 2662
1722 2663
1662 2664
1544 2665
1546 2666
1547 2667
1609 2668
1703 2669
1939 2670
6996 2671
2071 2672
1734 2673
1622 2674
1615 2675
1601 2676
1602 2677
1673 2678
1526 2679
1538 2680
1547 2681
1604 2682
1607 2683
1616 2684
1595 2685
1610 2686
1604 2687
1543 2688
1685 2689
1538 2690
1700 2691
1531 2692
1801 2693
1823 2694
6913 2695
1774 2696
1749 2697
1676 2698
1674 2699
1661 2700
1745 2701
1741 2702
1647 2703
1555 2704
1552 2705
1558 2706
1607 2707
1673 2708
1547 2709
1555 2710
1558 2711
1558 2712
1549 2713
1555 2714
1722 2715
1850 2716
1832 2717
10562 2718
2003 2719
1618 2720
1625 2721
1621 2722
1708 2723
1726 2724
1733 2725
1720 2726
1714 2727
1598 2728
1555 2729
1547 2730
1606 2731
1573 2732
1535 2733
1529 2734
1650 2735
1651 2736
1540 2737
1656 2738
1818 2739
1866 2740
7297 2741
1930 2742
1670 2743
1738 2744
1748 2745
1610 2746
1676 2747
1731 2748
1719 2749
1731 2750
1625 2751
1633 2752
1552 2753
1737 2754
1633 2755
1604 2756
1558 2757
1725 2758
1553 2759
1546 2760
1549 2761
1593 2762
1765 2763
6801 2764
2207 2765
1561 2766
1676 2767
1731 2768
1676 2769
1670 2770
1662 2771
1639 2772
1659 2773
1740 2774
1616 2775
1612 2776
1659 2777
1729 2778
1725 2779
1714 2780
1731 2781
1728 2782
1731 2783
1898 2784
1749 2785
1962 2786
1881 2787
7340 2788
2001 2789
1741 2790
1745 2791
1615 2792
1616 2793
1717 2794
1725 2795
1723 2796
1592 2797
1607 2798
1599 2799
1737 2800
1745 2801
1855 2802
1651 2803
1731 2804
1673 2805
1560 2806
1544 2807
1639 2808
1644 2809
1847 2810
6930 2811
1895 2812
1714 2813
1737 2814
1763 2815
1667 2816
1558 2817
1659 2818
1637 2819
1655 2820
1774 2821
1628 2822
1671 2823
1678 2824
1732 2825
1719 2826
1656 2827
1702 2828
1662 2829
1812 2830
1659 2831
1592 2832
1942 2833
6956 2834
1795 2835
1743 2836
1719 2837
1720 2838
1540 2839
1549 2840
1602 2841
1601 2842
1607 2843
1618 2844
1605 2845
1610 2846
1621 2847
1624 2848
1896 2849
1745 2850
1677 2851
1733 2852
1607 2853
1752 2854
1754 2855
1915 2856
6478 2857
2239 2858
1757 2859
1688 2860
1673 2861
1731 2862
1743 2863
1736 2864
1734 2865
1735 2866
1728 2867
1716 2868
1604 2869
1613 2870
1642 2871
1751 2872
1624 2873
1610 2874
1633 2875
1558 2876
1558 2877
1558 2878
1731 2879
1824 2880
6895 2881
1855 2882
1648 2883
1606 2884
1607 2885
1601 2886
1616 2887
1556 2888
1629 2889
1607 2890
1720 2891
1726 2892
1650 2893
20960 2894
2276 2895
1844 2896
1742 2897
1637 2898
1629 2899
1550 2900
1679 2901
1988 2902
1890 2903
8311 2904
1830 2905
1639 2906
1621 2907
1671 2908
1725 2909
1742 2910
1737 2911
1755 2912
1739 2913
1665 2914
1829 2915
1731 2916
1599 2917
1641 2918
1549 2919
1659 2920
1734 2921
10718 2922
1988 2923
1861 2924
1852 2925
1968 2926
7782 2927
1814 2928
1772 2929
1748 2930
1714 2931
1777 2932
1740 2933
1612 2934
1616 2935
1622 2936
1624 2937
1630 2938
1743 2939
1745 2940
1621 2941
1628 2942
1624 2943
1618 2944
1608 2945
1615 2946
1613 2947
1760 2948
1936 2949
6468 2950
2395 2951
1731 2952
1746 2953
1731 2954
1736 2955
1743 2956
1740 2957
1745 2958
1740 2959
1760 2960
1746 2961
1745 2962
1742 2963
1778 2964
1742 2965
1752 2966
1748 2967
1901 2968
1636 2969
1743 2970
1630 2971
1800 2972
1841 2973
6656 2974
1832 2975
1630 2976
1739 2977
1862 2978
1722 2979
1746 2980
1739 2981
1748 2982
1741 2983
1606 2984
1740 2985
1745 2986
1766 2987
1610 2988
1731 2989
1717 2990
1760 2991
1720 2992
1725 2993
1731 2994
1826 2995
1942 2996
6763 2997
1814 2998
1627 2999
1633 3000
1890 3001
1749 3002
1739 3003
1746 3004
2025 3005
1737 3006
1794 3007
1731 3008
1732 3009
1745 3010
1737 3011
1745 3012
1743 3013
1743 3014
1762 3015
1723 3016
1748 3017
1789 3018
1864 3019
14079 3020
2031 3021
1751 3022
1622 3023
1610 3024
1714 3025
1728 3026
1711 3027
1739 3028
1599 3029
1737 3030
1731 3031
1898 3032
1755 3033
1739 3034
1621 3035
1720 3036
1625 3037
1725 3038
1604 3039
1728 3040
1645 3041
1907 3042
8678 3043
2302 3044
1777 3045
1645 3046
1745 3047
1734 3048
1749 3049
1760 3050
1754 3051
1624 3052
1636 3053
1648 3054
1762 3055
1763 3056
1789 3057
1788 3058
1764 3059
1736 3060
1731 3061
1734 3062
1827 3063
1739 3064
1936 3065
1968 3066
6763 3067
1745 3068
1613 3069
1647 3070
1639 3071
1630 3072
1752 3073
1754 3074
1635 3075
1628 3076
1739 3077
1740 3078
1737 3079
1751 3080
1876 3081
1632 3082
1628 3083
1633 3084
1621 3085
1633 3086
1737 3087
1878 3088
1838 3089
6769 3090
1941 3091
1760 3092
1751 3093
1754 3094
1628 3095
1633 3096
1636 3097
1748 3098
1745 3099
1625 3100
1624 3101
1633 3102
1792 3103
1800 3104
1636 3105
1648 3106
1759 3107
1740 3108
1731 3109
1745 3110
1798 3111
1973 3112
6553 3113
2103 3114
1627 3115
1754 3116
1731 3117
1916 3118
1748 3119
1746 3120
1757 3121
1731 3122
1742 3123
1752 3124
1633 3125
1679 3126
1641 3127
1631 3128
1641 3129
1746 3130
1930 3131
1757 3132
1745 3133
1631 3134
1906 3135
1850 3136
6690 3137
1810 3138
1733 3139
1731 3140
1858 3141
1731 3142
1720 3143
1625 3144
1673 3145
1621 3146
1786 3147
1752 3148
1754 3149
1748 3150
1746 3151
1748 3152
1740 3153
1733 3154
1743 3155
1740 3156
1740 3157
1912 3158
1948 3159
6812 3160
1838 3161
1742 3162
1740 3163
1624 3164
1627 3165
1625 3166
1636 3167
1777 3168
1621 3169
1630 3170
1642 3171
1728 3172
1751 3173
1769 3174
1739 3175
1738 3176
1615 3177
1619 3178
1630 3179
1630 3180
1728 3181
1841 3182
6840 3183
1942 3184
1725 3185
1625 3186
1569 3187
1630 3188
1697 3189
1748 3190
1751 3191
1723 3192
1743 3193
1736 3194
1737 3195
1740 3196
1745 3197
1735 3198
1751 3199
1889 3200
1749 3201
1722 3202
1746 3203
1887 3204
1837 3205
6495 3206
2135 3207
1630 3208
1644 3209
1631 3210
1745 3211
1638 3212
1749 3213
1864 3214
1757 3215
1745 3216
1740 3217
1754 3218
1630 3219
1749 3220
1734 3221
1742 3222
1746 3223
1746 3224
1739 3225
1624 3226
1634 3227
1915 3228
1951 3229
6820 3230
1832 3231
1619 3232
1751 3233
1771 3234
1740 3235
1740 3236
1725 3237
1604 3238
1613 3239
1616 3240
1624 3241
1754 3242
1740 3243
1748 3244
1618 3245
1703 3246
1731 3247
1713 3248
1711 3249
1758 3250
1829 3251
1944 3252
7401 3253
1906 3254
1807 3255
1639 3256
1757 3257
1754 3258
1636 3259
1644 3260
1645 3261
1635 3262
1648 3263
1569 3264
1613 3265
1772 3266
1748 3267
1745 3268
1746 3269
1740 3270
1624 3271
1624 3272
1743 3273
1898 3274
1939 3275
7170 3276
1841 3277
1635 3278
1725 3279
1738 3280
1774 3281
1751 3282
1725 3283
1731 3284
1729 3285
1757 3286
1751 3287
1749 3288
1704 3289
1783 3290
1754 3291
1766 3292
1752 3293
1754 3294
1829 3295
1795 3296
1708 3297
1846 3298
6867 3299
2158 3300
1762 3301
1662 3302
1639 3303
1656 3304
1648 3305
1644 3306
1656 3307
1667 3308
1786 3309
1777 3310
1766 3311
19510 3312
2299 3313
1870 3314
1739 3315
1757 3316
1746 3317
1763 3318
1786 3319
1941 3320
1925 3321
2002 3322
8381 3323
1881 3324
1639 3325
1754 3326
1749 3327
1774 3328
1840 3329
1657 3330
1618 3331
1737 3332
1613 3333
1754 3334
1613 3335
1745 3336
1717 3337
1720 3338
1629 3339
1760 3340
1737 3341
1740 3342
1725 3343
1766 3344
1982 3345
7115 3346
2092 3347
1725 3348
1711 3349
1782 3350
1873 3351
1734 3352
1731 3353
1720 3354
1725 3355
1765 3356
1772 3357
1728 3358
1760 3359
1699 3360
1749 3361
1723 3362
1731 3363
1918 3364
1731 3365
1745 3366
1789 3367
1959 3368
8955 3369
2237 3370
15937 3371
1841 3372
1739 3373
1775 3374
1734 3375
1788 3376
1764 3377
1756 3378
1754 3379
1778 3380
1841 3381
1762 3382
1757 3383
141126 3384
4235 3385
1861 3386
1702 3387
1657 3388
1658 3389
1755 3390
1858 3391
11419 3392
2089 3393
1875 3394
1772 3395
1754 3396
1719 3397
1778 3398
1754 3399
1685 3400
1739 3401
1760 3402
1780 3403
1774 3404
1731 3405
1711 3406
1723 3407
1708 3408
1878 3409
1639 3410
1708 3411
1757 3412
1774 3413
1927 3414
1862 3415
8139 3416
1785 3417
1769 3418
1687 3419
1810 3420
1647 3421
1760 3422
1751 3423
1766 3424
1771 3425
1795 3426
1757 3427
1777 3428
1792 3429
1742 3430
1749 3431
1768 3432
1665 3433
1734 3434
1624 3435
1740 3436
1832 3437
1910 3438
7369 3439
1820 3440
1662 3441
1656 3442
1656 3443
1777 3444
1752 3445
1754 3446
1739 3447
1660 3448
1823 3449
1768 3450
1645 3451
1734 3452
1763 3453
1766 3454
1618 3455
1783 3456
1722 3457
1651 3458
1719 3459
1994 3460
1959 3461
7002 3462
1974 3463
1742 3464
1731 3465
1648 3466
1988 3467
1690 3468
1772 3469
1742 3470
1645 3471
1725 3472
1717 3473
11563 3474
2181 3475
1893 3476
1642 3477
1725 3478
1745 3479
1752 3480
1762 3481
1665 3482
1688 3483
1956 3484
7986 3485
2383 3486
1642 3487
1809 3488
1757 3489
1679 3490
1650 3491
1650 3492
1674 3493
1685 3494
1748 3495
1633 3496
1772 3497
1708 3498
1667 3499
1665 3500
1812 3501
1757 3502
1745 3503
1786 3504
1780 3505
1734 3506
1907 3507
2002 3508
7271 3509
1749 3510
1661 3511
1656 3512
1743 3513
1803 3514
1639 3515
1639 3516
1757 3517
1719 3518
1737 3519
1743 3520
1734 3521
1760 3522
1647 3523
1783 3524
1734 3525
1743 3526
1811 3527
1634 3528
1685 3529
1736 3530
1870 3531
7082 3532
1815 3533
1645 3534
1644 3535
1642 3536
1870 3537
1742 3538
1737 3539
1725 3540
1922 3541
1754 3542
1786 3543
1763 3544
1769 3545
1733 3546
1665 3547
1737 3548
1737 3549
1641 3550
1639 3551
1754 3552
1757 3553
1939 3554
7602 3555
1913 3556
1728 3557
1766 3558
1933 3559
1766 3560
1746 3561
1748 3562
2002 3563
1789 3564
1731 3565
1766 3566
1754 3567
1653 3568
1653 3569
1633 3570
1662 3571
1685 3572
1627 3573
1855 3574
1647 3575
1870 3576
1962 3577
6829 3578
2178 3579
1628 3580
1745 3581
1627 3582
1625 3583
1745 3584
1754 3585
1630 3586
1746 3587
1736 3588
1717 3589
1829 3590
1743 3591
1639 3592
1731 3593
1722 3594
1717 3595
1739 3596
1746 3597
1624 3598
1700 3599
1892 3600
1830 3601
6941 3602
1734 3603
1731 3604
1746 3605
1742 3606
1628 3607
1745 3608
1618 3609
1726 3610
1604 3611
1734 3612
1763 3613
1728 3614
1731 3615
1740 3616
1601 3617
1618 3618
1717 3619
1725 3620
1737 3621
1740 3622
1835 3623
1956 3624
7002 3625
1919 3626
1742 3627
1634 3628
1745 3629
1748 3630
1737 3631
1734 3632
1743 3633
1742 3634
1737 3635
1740 3636
1725 3637
1769 3638
1742 3639
1853 3640
1719 3641
1725 3642
1743 3643
1924 3644
1763 3645
1668 3646
1950 3647
10130 3648
2308 3649
1884 3650
1627 3651
1616 3652
1627 3653
1624 3654
1746 3655
1922 3656
1624 3657
1638 3658
1613 3659
1622 3660
1627 3661
1760 3662
1737 3663
1742 3664
1630 3665
1625 3666
1629 3667
1625 3668
1633 3669
1881 3670
1835 3671
7175 3672
1706 3673
1624 3674
1875 3675
1639 3676
1748 3677
1751 3678
1746 3679
1644 3680
1642 3681
1749 3682
1627 3683
1641 3684
1653 3685
1616 3686
1616 3687
1638 3688
1636 3689
1749 3690
1742 3691
1740 3692
1844 3693
2031 3694
13753 3695
1835 3696
1751 3697
1633 3698
1627 3699
1637 3700
1621 3701
1630 3702
1627 3703
1746 3704
1731 3705
1748 3706
1630 3707
1631 3708
1667 3709
1639 3710
1630 3711
1616 3712
1624 3713
1748 3714
1745 3715
1983 3716
1860 3717
7265 3718
1936 3719
1743 3720
1754 3721
1624 3722
1619 3723
1624 3724
1625 3725
1733 3726
1720 3727
1615 3728
1735 3729
1722 3730
1728 3731
1714 3732
1607 3733
1627 3734
1610 3735
1725 3736
1734 3737
1746 3738
1965 3739
1976 3740
7270 3741
2110 3742
1756 3743
1631 3744
1635 3745
1760 3746
1737 3747
1752 3748
1745 3749
1737 3750
1739 3751
1631 3752
1757 3753
1757 3754
1748 3755
1621 3756
1634 3757
1630 3758
1751 3759
1748 3760
1757 3761
1636 3762
1916 3763
1927 3764
7074 3765
1740 3766
1743 3767
1627 3768
1618 3769
1625 3770
1725 3771
1726 3772
1598 3773
1627 3774
1627 3775
1619 3776
1708 3777
1633 3778
1734 3779
1610 3780
1731 3781
1823 3782
1613 3783
1639 3784
1739 3785
1717 3786
1959 3787
63259 3788
2554 3789
1768 3790
1728 3791
1631 3792
1756 3793
1740 3794
1731 3795
1731 3796
1691 3797
1587 3798
1716 3799
1746 3800
1633 3801
1624 3802
1619 3803
1745 3804
1725 3805
1622 3806
1728 3807
1616 3808
1665 3809
2002 3810
7362 3811
1827 3812
1630 3813
1621 3814
1616 3815
1639 3816
1618 3817
1622 3818
1774 3819
1748 3820
1737 3821
1746 3822
1633 3823
1739 3824
1761 3825
1745 3826
1613 3827
1633 3828
1731 3829
1624 3830
1775 3831
1884 3832
1812 3833
6502 3834
2104 3835
1630 3836
1616 3837
1621 3838
1630 3839
1607 3840
1743 3841
1733 3842
1729 3843
1780 3844
1740 3845
1739 3846
1728 3847
1625 3848
1613 3849
1621 3850
1740 3851
1737 3852
1728 3853
1615 3854
1613 3855
1792 3856
1965 3857
6976 3858
1734 3859
1633 3860
1849 3861
1731 3862
1723 3863
1714 3864
1710 3865
1731 3866
1633 3867
1633 3868
1622 3869
1615 3870
1610 3871
1610 3872
1708 3873
1728 3874
1743 3875
1728 3876
1622 3877
1748 3878
1841 3879
1944 3880
7184 3881
1919 3882
1748 3883
1731 3884
1622 3885
1740 3886
1736 3887
1815 3888
1749 3889
1621 3890
1734 3891
1719 3892
1631 3893
1621 3894
1739 3895
1888 3896
1757 3897
1722 3898
1590 3899
1751 3900
1806 3901
1659 3902
1837 3903
6706 3904
2077 3905
1627 3906
1630 3907
1737 3908
1743 3909
1733 3910
1960 3911
1641 3912
1616 3913
1615 3914
1631 3915
1627 3916
1622 3917
1745 3918
1742 3919
1614 3920
1632 3921
1619 3922
1621 3923
1711 3924
1723 3925
1895 3926
1951 3927
7039 3928
1795 3929
1731 3930
1731 3931
1734 3932
1742 3933
1974 3934
1746 3935
1621 3936
1621 3937
1705 3938
1628 3939
1635 3940
1642 3941
1627 3942
1616 3943
1639 3944
1630 3945
1621 3946
1624 3947
1763 3948
1829 3949
1844 3950
6968 3951
1835 3952
1751 3953
1742 3954
1737 3955
1737 3956
1913 3957
1645 3958
1621 3959
1742 3960
1731 3961
1726 3962
1835 3963
1731 3964
1783 3965
1734 3966
1734 3967
1722 3968
1743 3969
1878 3970
1725 3971
1708 3972
1827 3973
9437 3974
1907 3975
1650 3976
1627 3977
1636 3978
1624 3979
1754 3980
1631 3981
1635 3982
1625 3983
1613 3984
1745 3985
1743 3986
1734 3987
1647 3988
1630 3989
1737 3990
1627 3991
1720 3992
1754 3993
1743 3994
1782 3995
1942 3996
6218 3997
2195 3998
1754 3999
1761 4000
1759 4001
1648 4002
1728 4003
1630 4004
1615 4005
1778 4006
1757 4007
1639 4008
1635 4009
1752 4010
1751 4011
1748 4012
1627 4013
1743 4014
1754 4015
1625 4016
1636 4017
1635 4018
2003 4019
1858 4020
6924 4021
1824 4022
1742 4023
1645 4024
1630 4025
1632 4026
1622 4027
1616 4028
1630 4029
1630 4030
1642 4031
1633 4032
1722 4033
1754 4034
1723 4035
1734 4036
1601 4037
1757 4038
1630 4039
1720 4040
1604 4041
1826 4042
1835 4043
6950 4044
1953 4045
1740 4046
1754 4047
1853 4048
1754 4049
1754 4050
1748 4051
1769 4052
1739 4053
1758 4054
1754 4055
1632 4056
1645 4057
1624 4058
1624 4059
1619 4060
1633 4061
1636 4062
1746 4063
1636 4064
1661 4065
1852 4066
7176 4067
1953 4068
1630 4069
1636 4070
1754 4071
1752 4072
1751 4073
1748 4074
1780 4075
1740 4076
1636 4077
1644 4078
1622 4079
1630 4080
1754 4081
1740 4082
1743 4083
1719 4084
1745 4085
1746 4086
1630 4087
1676 4088
1951 4089
7206 4090
2280 4091
1757 4092
1953 4093
1740 4094
1731 4095
1621 4096
1636 4097
1749 4098
1742 4099
1745 4100
1735 4101
1739 4102
1737 4103
1659 4104
1636 4105
1627 4106
1714 4107
1751 4108
1749 4109
1748 4110
1746 4111
1901 4112
1841 4113
7226 4114
1743 4115
1613 4116
1621 4117
1619 4118
1616 4119
1621 4120
1740 4121
1743 4122
1777 4123
1621 4124
1737 4125
1745 4126
1746 4127
1737 4128
1777 4129
1725 4130
1740 4131
1743 4132
1731 4133
1618 4134
1821 4135
1948 4136
6958 4137
1907 4138
1754 4139
1734 4140
1734 4141
1737 4142
1904 4143
1711 4144
1734 4145
1711 4146
1792 4147
1728 4148
1610 4149
1705 4150
1731 4151
1705 4152
1725 4153
1723 4154
1693 4155
1847 4156
1728 4157
1760 4158
1939 4159
6650 4160
2060 4161
1743 4162
1737 4163
1739 4164
1734 4165
1734 4166
1742 4167
1749 4168
1743 4169
1736 4170
1749 4171
1743 4172
1632 4173
1651 4174
1630 4175
1719 4176
1619 4177
1723 4178
1615 4179
1722 4180
1720 4181
1772 4182
2051 4183
6901 4184
1786 4185
1630 4186
1613 4187
1618 4188
1619 4189
1619 4190
1627 4191
1618 4192
1639 4193
1627 4194
1650 4195
1645 4196
1639 4197
1719 4198
1748 4199
1619 4200
1630 4201
155370 4202
4250 4203
1924 4204
2060 4205
1884 4206
10475 4207
1769 4208
1754 4209
1807 4210
1722 4211
1742 4212
1627 4213
1619 4214
1627 4215
1631 4216
1638 4217
1625 4218
1641 4219
1628 4220
1621 4221
1627 4222
1749 4223
1731 4224
1745 4225
1740 4226
1725 4227
1838 4228
1953 4229
7505 4230
1846 4231
1737 4232
1728 4233
1742 4234
1734 4235
1751 4236
1916 4237
1740 4238
1737 4239
1737 4240
1904 4241
1725 4242
1731 4243
1671 4244
1734 4245
1714 4246
1618 4247
1734 4248
1726 4249
1742 4250
1844 4251
1955 4252
10127 4253
2265 4254
1867 4255
1723 4256
1719 4257
1722 4258
1708 4259
1708 4260
1717 4261
1687 4262
1723 4263
1717 4264
1708 4265
1950 4266
1728 4267
1714 4268
1723 4269
1711 4270
1716 4271
1604 4272
1728 4273
1647 4274
1957 4275
6604 4276
2172 4277
1729 4278
1722 4279
1768 4280
1708 4281
1622 4282
1685 4283
1624 4284
1714 4285
1615 4286
1717 4287
1622 4288
1895 4289
1624 4290
1720 4291
1647 4292
1711 4293
1717 4294
1592 4295
1711 4296
1717 4297
1864 4298
1942 4299
7213 4300
1831 4301
1639 4302
1633 4303
1625 4304
1641 4305
1630 4306
1633 4307
1630 4308
1627 4309
1637 4310
1731 4311
1745 4312
1641 4313
1735 4314
1624 4315
1719 4316
1624 4317
1720 4318
1610 4319
1630 4320
1725 4321
1945 4322
6861 4323
1968 4324
1748 4325
1745 4326
1755 4327
1621 4328
1630 4329
1645 4330
1618 4331
1622 4332
1627 4333
1751 4334
1766 4335
17544 4336
2248 4337
1918 4338
1748 4339
1729 4340
1740 4341
1728 4342
1872 4343
1783 4344
1962 4345
8113 4346
1925 4347
1725 4348
1811 4349
1795 4350
1737 4351
1737 4352
1731 4353
1722 4354
1627 4355
1815 4356
1616 4357
1615 4358
1616 4359
1630 4360
1628 4361
1618 4362
1621 4363
1740 4364
1870 4365
1728 4366
1789 4367
1933 4368
13802 4369
2317 4370
1884 4371
1739 4372
1738 4373
1745 4374
1743 4375
1733 4376
1737 4377
1746 4378
1953 4379
1740 4380
1748 4381
1746 4382
1915 4383
1725 4384
1752 4385
1737 4386
1739 4387
1726 4388
1746 4389
1748 4390
2048 4391
1999 4392
6778 4393
1843 4394
1757 4395
1746 4396
1621 4397
1627 4398
1637 4399
1632 4400
1642 4401
1627 4402
1630 4403
1625 4404
1624 4405
1745 4406
1631 4407
1624 4408
1616 4409
1627 4410
1632 4411
1631 4412
1630 4413
1838 4414
1976 4415
7360 4416
1824 4417
1733 4418
1743 4419
1630 4420
1624 4421
1627 4422
1737 4423
1763 4424
1754 4425
1622 4426
1630 4427
1633 4428
1797 4429
1645 4430
1630 4431
1742 4432
1754 4433
1749 4434
1619 4435
1624 4436
1667 4437
1858 4438
6648 4439
2135 4440
1638 4441
1743 4442
1749 4443
1745 4444
1754 4445
1755 4446
1745 4447
1630 4448
1642 4449
1632 4450
1634 4451
1644 4452
1665 4453
1641 4454
1639 4455
1644 4456
1746 4457
1740 4458
1728 4459
1737 4460
1803 4461
1855 4462
6884 4463
1809 4464
1633 4465
1630 4466
1636 4467
1745 4468
1755 4469
1627 4470
1774 4471
1734 4472
1754 4473
1743 4474
1749 4475
1739 4476
1725 4477
1757 4478
1754 4479
1743 4480
1734 4481
1725 4482
1740 4483
1835 4484
1953 4485
7303 4486
1817 4487
1624 4488
1812 4489
1633 4490
1625 4491
1621 4492
1633 4493
1624 4494
1627 4495
1625 4496
1627 4497
10156 4498
2120 4499
1798 4500
1621 4501
1743 4502
1760 4503
1627 4504
1737 4505
1763 4506
1840 4507
1841 4508
7544 4509
1812 4510
1807 4511
1629 4512
1614 4513
1624 4514
1630 4515
1745 4516
1743 4517
1624 4518
1685 4519
1639 4520
1748 4521
1760 4522
1625 4523
1736 4524
1734 4525
1616 4526
1749 4527
1601 4528
1607 4529
1647 4530
1843 4531
6570 4532
2204 4533
1743 4534
1736 4535
1746 4536
1754 4537
1659 4538
1746 4539
1780 4540
1751 4541
1757 4542
1965 4543
1751 4544
1754 4545
1760 4546
1873 4547
1751 4548
1754 4549
1754 4550
1769 4551
1754 4552
1740 4553
1930 4554
1968 4555
6647 4556
1722 4557
1633 4558
1743 4559
1644 4560
1639 4561
1740 4562
1644 4563
1639 4564
1751 4565
1752 4566
1641 4567
1639 4568
1650 4569
1835 4570
1613 4571
1618 4572
1720 4573
1734 4574
1740 4575
1627 4576
1861 4577
1841 4578
9275 4579
1841 4580
1630 4581
1622 4582
1765 4583
1737 4584
1743 4585
1737 4586
1627 4587
1748 4588
1740 4589
1740 4590
1748 4591
1636 4592
1636 4593
1616 4594
1721 4595
1876 4596
1604 4597
1621 4598
1651 4599
1665 4600
1852 4601
6711 4602
1826 4603
1766 4604
1627 4605
1621 4606
1743 4607
1751 4608
1720 4609
1722 4610
1731 4611
1731 4612
1740 4613
1740 4614
1771 4615
1760 4616
1728 4617
1700 4618
1921 4619
1742 4620
1622 4621
1717 4622
1630 4623
1919 4624
6635 4625
2129 4626
1628 4627
1739 4628
1627 4629
1622 4630
1624 4631
1627 4632
1619 4633
1633 4634
1630 4635
1723 4636
1751 4637
1765 4638
1715 4639
1627 4640
1635 4641
1616 4642
1754 4643
1746 4644
1760 4645
1739 4646
2000 4647
1962 4648
20576 4649
2003 4650
1708 4651
1789 4652
1762 4653
1748 4654
1737 4655
1728 4656
1821 4657
1682 4658
1685 4659
1558 4660
1630 4661
1630 4662
1567 4663
1567 4664
1739 4665
1797 4666
1657 4667
1609 4668
1619 4669
1783 4670
1953 4671
21939 4672
1901 4673
1639 4674
1748 4675
1633 4676
1616 4677
1549 4678
1639 4679
1742 4680
1740 4681
1734 4682
1740 4683
1737 4684
1644 4685
1763 4686
1740 4687
1728 4688
1855 4689
1734 4690
1734 4691
1734 4692
1962 4693
1941 4694
7975 4695
1806 4696
1621 4697
1616 4698
1569 4699
1752 4700
1667 4701
1735 4702
1551 4703
1568 4704
1629 4705
1717 4706
1962 4707
1740 4708
1748 4709
1742 4710
1556 4711
1653 4712
1740 4713
1731 4714
1736 4715
1599 4716
1777 4717
6604 4718
2262 4719
1729 4720
1924 4721
1722 4722
1613 4723
1627 4724
1743 4725
1659 4726
1716 4727
1659 4728
1651 4729
1832 4730
1664 4731
1668 4732
1610 4733
1618 4734
1567 4735
1691 4736
1673 4737
1552 4738
1852 4739
1726 4740
1893 4741
6849 4742
1843 4743
1682 4744
1679 4745
1746 4746
1690 4747
1665 4748
1659 4749
1558 4750
1665 4751
1734 4752
1754 4753
1746 4754
1756 4755
1622 4756
1630 4757
1633 4758
1668 4759
1558 4760
1722 4761
1581 4762
1982 4763
1893 4764
7051 4765
1913 4766
1736 4767
1741 4768
1751 4769
1739 4770
1749 4771
1757 4772
1745 4773
1671 4774
1751 4775
1768 4776
1741 4777
1751 4778
1742 4779
1740 4780
1716 4781
1749 4782
1746 4783
1679 4784
1679 4785
1710 4786
1925 4787
6838 4788
1927 4789
1849 4790
1636 4791
1746 4792
1739 4793
1634 4794
1618 4795
1630 4796
1624 4797
1630 4798
1636 4799
1630 4800
1631 4801
1572 4802
1570 4803
1751 4804
1736 4805
1743 4806
1731 4807
1625 4808
1664 4809
1927 4810
7213 4811
2187 4812
1829 4813
1734 4814
1553 4815
1563 4816
1627 4817
1746 4818
1743 4819
1696 4820
1737 4821
1775 4822
1661 4823
1740 4824
1647 4825
1619 4826
1613 4827
1728 4828
1748 4829
1677 4830
1751 4831
1688 4832
1915 4833
1838 4834
6855 4835
1829 4836
1746 4837
1743 4838
1710 4839
1740 4840
1722 4841
1731 4842
1731 4843
1708 4844
1717 4845
1731 4846
1731 4847
1732 4848
1918 4849
1659 4850
1564 4851
1691 4852
1678 4853
1751 4854
1746 4855
1827 4856
1884 4857
6918 4858
1947 4859
1743 4860
1745 4861
1746 4862
1561 4863
1552 4864
1622 4865
1632 4866
1564 4867
1582 4868
1745 4869
1745 4870
1749 4871
1569 4872
1561 4873
1625 4874
1736 4875
1743 4876
1731 4877
1734 4878
1774 4879
1959 4880
6754 4881
2271 4882
1740 4883
1745 4884
1742 4885
1708 4886
1731 4887
1671 4888
1734 4889
1737 4890
1743 4891
1699 4892
1653 4893
1676 4894
1726 4895
1673 4896
1748 4897
1691 4898
1740 4899
1679 4900
1705 4901
1685 4902
1918 4903
1948 4904
9668 4905
1717 4906
1564 4907
1632 4908
1634 4909
1629 4910
1637 4911
1621 4912
1739 4913
1749 4914
1743 4915
1754 4916
1688 4917
1563 4918
1636 4919
1740 4920
1766 4921
1627 4922
1630 4923
1618 4924
1711 4925
1731 4926
1850 4927
7755 4928
1840 4929
1639 4930
1634 4931
1627 4932
1748 4933
1685 4934
1774 4935
1743 4936
1740 4937
1745 4938
1742 4939
1741 4940
1825 4941
1708 4942
1749 4943
1561 4944
1610 4945
1673 4946
1740 4947
1688 4948
1970 4949
1896 4950
7481 4951
1947 4952
1645 4953
1733 4954
1743 4955
1731 4956
1740 4957
1662 4958
1725 4959
1650 4960
1723 4961
1653 4962
1653 4963
1711 4964
1700 4965
1647 4966
1725 4967
1535 4968
1651 4969
1650 4970
1639 4971
1569 4972
1893 4973
6788 4974
2239 4975
1740 4976
1740 4977
1742 4978
1691 4979
1569 4980
1558 4981
1567 4982
1581 4983
1621 4984
1622 4985
1560 4986
1570 4987
1682 4988
1688 4989
1745 4990
1746 4991
1725 4992
1683 4993
1621 4994
1621 4995
1798 4996
1826 4997
8136 4998
1910 4999
1719 5000
1680 5001
1627 5002
1613 5003
1615 5004
1737 5005
1740 5006
1725 5007
1737 5008
1731 5009
1728 5010
1679 5011
1662 5012
1613 5013
1644 5014
1657 5015
1662 5016
1540 5017
1650 5018
1760 5019
1882 5020
135219 5021
3788 5022
1887 5023
1754 5024
1754 5025
1732 5026
1791 5027
1725 5028
1740 5029
1673 5030
1671 5031
1668 5032
1679 5033
1696 5034
1685 5035
1720 5036
1664 5037
1729 5038
1650 5039
1731 5040
1662 5041
1996 5042
1942 5043
17625 5044
1893 5045
1918 5046
1625 5047
1635 5048
1614 5049
1736 5050
1624 5051
1619 5052
1627 5053
1630 5054
1633 5055
1613 5056
1625 5057
1624 5058
1624 5059
1627 5060
1619 5061
1731 5062
1742 5063
1726 5064
1780 5065
1826 5066
7204 5067
1913 5068
1630 5069
1725 5070
1611 5071
1843 5072
1751 5073
1729 5074
1719 5075
1613 5076
1725 5077
1719 5078
1743 5079
1743 5080
1731 5081
1613 5082
1720 5083
1739 5084
1797 5085
1769 5086
1717 5087
1760 5088
1939 5089
6802 5090
2141 5091
1610 5092
1613 5093
1722 5094
1731 5095
1726 5096
1616 5097
1736 5098
1714 5099
1743 5100
1624 5101
1751 5102
1714 5103
1751 5104
19339 5105
2247 5106
1685 5107
1683 5108
1748 5109
1624 5110
1673 5111
1868 5112
1961 5113
8506 5114
1725 5115
1841 5116
1739 5117
1631 5118
1745 5119
1786 5120
1627 5121
1616 5122
1733 5123
1608 5124
1737 5125
1632 5126
1749 5127
1751 5128
1760 5129
1630 5130
1650 5131
1639 5132
1624 5133
1637 5134
1851 5135
1977 5136
6967 5137
1905 5138
1748 5139
1743 5140
1754 5141
1616 5142
1733 5143
1734 5144
1731 5145
1749 5146
1743 5147
1733 5148
1752 5149
1751 5150
1769 5151
1745 5152
1633 5153
1633 5154
1630 5155
1743 5156
1728 5157
1777 5158
1832 5159
6618 5160
2089 5161
1737 5162
1743 5163
1734 5164
1728 5165
1757 5166
1728 5167
1725 5168
1625 5169
1722 5170
1622 5171
1716 5172
1723 5173
1616 5174
1609 5175
1737 5176
1745 5177
1738 5178
1736 5179
1731 5180
1720 5181
1904 5182
1994 5183
10329 5184
1863 5185
1633 5186
1636 5187
1630 5188
1619 5189
1740 5190
1627 5191
1636 5192
1630 5193
1621 5194
1622 5195
1952 5196
1729 5197
1731 5198
1748 5199
1901 5200
1738 5201
1615 5202
1633 5203
1754 5204
1714 5205
1832 5206
7389 5207
1843 5208
1625 5209
1740 5210
1748 5211
1751 5212
1627 5213
1833 5214
1748 5215
1745 5216
1746 5217
1745 5218
1648 5219
1639 5220
1652 5221
1741 5222
1745 5223
1618 5224
1711 5225
1622 5226
1742 5227
1853 5228
1950 5229
7005 5230
1829 5231
1743 5232
1742 5233
1734 5234
1772 5235
1757 5236
1748 5237
1737 5238
1731 5239
1740 5240
1771 5241
1731 5242
1734 5243
1749 5244
1742 5245
1731 5246
1740 5247
1731 5248
1625 5249
1630 5250
1780 5251
1959 5252
6661 5253
2173 5254
1809 5255
1621 5256
1619 5257
1613 5258
1630 5259
1641 5260
1622 5261
1716 5262
1743 5263
1757 5264
1639 5265
1639 5266
1716 5267
1714 5268
1740 5269
1731 5270
1728 5271
1726 5272
1742 5273
1714 5274
1892 5275
1838 5276
7207 5277
1826 5278
1622 5279
1624 5280
1631 5281
1748 5282
1748 5283
1731 5284
1734 5285
1740 5286
1734 5287
1734 5288
1762 5289
1749 5290
1769 5291
1742 5292
1745 5293
1738 5294
1739 5295
1726 5296
1742 5297
1849 5298
1939 5299
6737 5300
1809 5301
1630 5302
1628 5303
1615 5304
1722 5305
1729 5306
1627 5307
1734 5308
1760 5309
1618 5310
1740 5311
1714 5312
1748 5313
1780 5314
1639 5315
1618 5316
1766 5317
1627 5318
1648 5319
1630 5320
1795 5321
1855 5322
7657 5323
1806 5324
1780 5325
1630 5326
1731 5327
1864 5328
1647 5329
1740 5330
1731 5331
1648 5332
1624 5333
1711 5334
1734 5335
1725 5336
1731 5337
1743 5338
1737 5339
1612 5340
1731 5341
1725 5342
1743 5343
1763 5344
1956 5345
6728 5346
2280 5347
1739 5348
1746 5349
1736 5350
1705 5351
1735 5352
1737 5353
1742 5354
1734 5355
1752 5356
1731 5357
1742 5358
1947 5359
14495 5360
2231 5361
1904 5362
1759 5363
1945 5364
1737 5365
1746 5366
1751 5367
1904 5368
1970 5369
7715 5370
1746 5371
1743 5372
1638 5373
1616 5374
1621 5375
1728 5376
1754 5377
1787 5378
1748 5379
1846 5380
1731 5381
1931 5382
1745 5383
1740 5384
1739 5385
1835 5386
1726 5387
1731 5388
1740 5389
1762 5390
1847 5391
1968 5392
6684 5393
1925 5394
1633 5395
1731 5396
1728 5397
1641 5398
1622 5399
1630 5400
1639 5401
1647 5402
1745 5403
1735 5404
1748 5405
1636 5406
1636 5407
1725 5408
1826 5409
1720 5410
1740 5411
1745 5412
1749 5413
1785 5414
1957 5415
6788 5416
2066 5417
1751 5418
1755 5419
1632 5420
1619 5421
1624 5422
1624 5423
1627 5424
1622 5425
1630 5426
1625 5427
1618 5428
1628 5429
1652 5430
1630 5431
1634 5432
1615 5433
1622 5434
1624 5435
1618 5436
1622 5437
1786 5438
1846 5439
7291 5440
1786 5441
1624 5442
1633 5443
1627 5444
1622 5445
1745 5446
1688 5447
1619 5448
1866 5449
1622 5450
1610 5451
1621 5452
1639 5453
1618 5454
1619 5455
1737 5456
1748 5457
1749 5458
1627 5459
1639 5460
1736 5461
1858 5462
7005 5463
1726 5464
1624 5465
1621 5466
1616 5467
1743 5468
1734 5469
1956 5470
1740 5471
1725 5472
1742 5473
1743 5474
1760 5475
1740 5476
1765 5477
1738 5478
1742 5479
1731 5480
1737 5481
1734 5482
1800 5483
1841 5484
1959 5485
7288 5486
1820 5487
1752 5488
1748 5489
1728 5490
1772 5491
1630 5492
1635 5493
1631 5494
1627 5495
1722 5496
1752 5497
1635 5498
1740 5499
1751 5500
1925 5501
1731 5502
1710 5503
1731 5504
1729 5505
1743 5506
1904 5507
1944 5508
8794 5509
2522 5510
1745 5511
1742 5512
1729 5513
1618 5514
1627 5515
1616 5516
1619 5517
1806 5518
1621 5519
1622 5520
1743 5521
80310 5522
5718 5523
1893 5524
1760 5525
1647 5526
1584 5527
1748 5528
1682 5529
1691 5530
1771 5531
1994 5532
9847 5533
1774 5534
1622 5535
1702 5536
1610 5537
1615 5538
1772 5539
1737 5540
1762 5541
1738 5542
1791 5543
1751 5544
1755 5545
1780 5546
1713 5547
1671 5548
1665 5549
1788 5550
1662 5551
1924 5552
17124 5553
2210 5554
2112 5555
8340 5556
1968 5557
1668 5558
1745 5559
1659 5560
1590 5561
1743 5562
1662 5563
1705 5564
1664 5565
1772 5566
1664 5567
1758 5568
1808 5569
1671 5570
1659 5571
1641 5572
1746 5573
1601 5574
1662 5575
1650 5576
1797 5577
1896 5578
7401 5579
1932 5580
1749 5581
1644 5582
1700 5583
1659 5584
1656 5585
1633 5586
1754 5587
1737 5588
1688 5589
1650 5590
1570 5591
1652 5592
1789 5593
1729 5594
1765 5595
1855 5596
1832 5597
1688 5598
1593 5599
1734 5600
1875 5601
6904 5602
2291 5603
1662 5604
1777 5605
1682 5606
1676 5607
1659 5608
1755 5609
1883 5610
1581 5611
1711 5612
1682 5613
1636 5614
1745 5615
1718 5616
1739 5617
1665 5618
1664 5619
1660 5620
1791 5621
1668 5622
1863 5623
1838 5624
2020 5625
7259 5626
1901 5627
1968 5628
1659 5629
1691 5630
1751 5631
1759 5632
1746 5633
1760 5634
1754 5635
1801 5636
1762 5637
1619 5638
1743 5639
1615 5640
1936 5641
1688 5642
1690 5643
1812 5644
1714 5645
1587 5646
1792 5647
1979 5648
7614 5649
1832 5650
1584 5651
1765 5652
1780 5653
1613 5654
1587 5655
1587 5656
1641 5657
1766 5658
1699 5659
1605 5660
1589 5661
1685 5662
1696 5663
1662 5664
1660 5665
1728 5666
1762 5667
1844 5668
1575 5669
1821 5670
1892 5671
7058 5672
2114 5673
1679 5674
1691 5675
1708 5676
1763 5677
1745 5678
1772 5679
1639 5680
1754 5681
1884 5682
1662 5683
1725 5684
1800 5685
1746 5686
1676 5687
1740 5688
1739 5689
1654 5690
1831 5691
1812 5692
1818 5693
2138 5694
2048 5695
6847 5696
1803 5697
1780 5698
1737 5699
1644 5700
1908 5701
1690 5702
1676 5703
1789 5704
1913 5705
1581 5706
1650 5707
1783 5708
1728 5709
1769 5710
1746 5711
1713 5712
1807 5713
1664 5714
1604 5715
1656 5716
1916 5717
1907 5718
7721 5719
1780 5720
1711 5721
1719 5722
1657 5723
1678 5724
1619 5725
1789 5726
1759 5727
1778 5728
1699 5729
1682 5730
1679 5731
1758 5732
1739 5733
1691 5734
1661 5735
1651 5736
1757 5737
1746 5738
1754 5739
1820 5740
1841 5741
7218 5742
1878 5743
1622 5744
1806 5745
1757 5746
1714 5747
1659 5748
1861 5749
1659 5750
1621 5751
1671 5752
1569 5753
1740 5754
1746 5755
1678 5756
1659 5757
1637 5758
1650 5759
1786 5760
1681 5761
1775 5762
1829 5763
1884 5764
14088 5765
2429 5766
1847 5767
1659 5768
1766 5769
1756 5770
1677 5771
1679 5772
1748 5773
1751 5774
1711 5775
1878 5776
1674 5777
1717 5778
1733 5779
1570 5780
1569 5781
1697 5782
1708 5783
1792 5784
1829 5785
1670 5786
1916 5787
1898 5788
7343 5789
1855 5790
1639 5791
1665 5792
1587 5793
1635 5794
1636 5795
1593 5796
1656 5797
1650 5798
1775 5799
1696 5800
1717 5801
1670 5802
1737 5803
1757 5804
1763 5805
1722 5806
1570 5807
1817 5808
1763 5809
1702 5810
1922 5811
6996 5812
2049 5813
1662 5814
1748 5815
1762 5816
1738 5817
1678 5818
1761 5819
1670 5820
1647 5821
1703 5822
1745 5823
1702 5824
1738 5825
1728 5826
1638 5827
1662 5828
1697 5829
1708 5830
1728 5831
1797 5832
1688 5833
1878 5834
10467 5835
2118 5836
1881 5837
1942 5838
149911 5839
4091 5840
1872 5841
1760 5842
1783 5843
1806 5844
1714 5845
1806 5846
1699 5847
1827 5848
1794 5849
1806 5850
1685 5851
1777 5852
1748 5853
1882 5854
1737 5855
1782 5856
2012 5857
10487 5858
1982 5859
1933 5860
1769 5861
1843 5862
1740 5863
1748 5864
1769 5865
1760 5866
1659 5867
1685 5868
1780 5869
1708 5870
1699 5871
1691 5872
1742 5873
1931 5874
1664 5875
1760 5876
1772 5877
1642 5878
1901 5879
1855 5880
7201 5881
2138 5882
1633 5883
1650 5884
1719 5885
1741 5886
1736 5887
1757 5888
1795 5889
1777 5890
1775 5891
1756 5892
1740 5893
1748 5894
1804 5895
1748 5896
1775 5897
1733 5898
1711 5899
1760 5900
1717 5901
1624 5902
1901 5903
1948 5904
7256 5905
1760 5906
1656 5907
1636 5908
1754 5909
1746 5910
1745 5911
1754 5912
1740 5913
1748 5914
1838 5915
1723 5916
1748 5917
1757 5918
1731 5919
1731 5920
1774 5921
1726 5922
1630 5923
1722 5924
1740 5925
1852 5926
2109 5927
7542 5928
1930 5929
1688 5930
1751 5931
1956 5932
1780 5933
1645 5934
1633 5935
1746 5936
1621 5937
1748 5938
1616 5939
1748 5940
1853 5941
1725 5942
1638 5943
1634 5944
1736 5945
1627 5946
1735 5947
1647 5948
1769 5949
1947 5950
6913 5951
2155 5952
1638 5953
1674 5954
1584 5955
1751 5956
1723 5957
1711 5958
1621 5959
1705 5960
1728 5961
1766 5962
1766 5963
1635 5964
18621 5965
2678 5966
1875 5967
1829 5968
1774 5969
1674 5970
1670 5971
1668 5972
1852 5973
2037 5974
8191 5975
1722 5976
1642 5977
1636 5978
1762 5979
1743 5980
1748 5981
1740 5982
1748 5983
1847 5984
1754 5985
1760 5986
1740 5987
1886 5988
1766 5989
1746 5990
1734 5991
1644 5992
1633 5993
1665 5994
1662 5995
1780 5996
1976 5997
7228 5998
1817 5999
1676 6000
1680 6001
1829 6002
1685 6003
1693 6004
1679 6005
1636 6006
1757 6007
1751 6008
1659 6009
1671 6010
1763 6011
1786 6012
1837 6013
1654 6014
1759 6015
1778 6016
1762 6017
1764 6018
1869 6019
1999 6020
7187 6021
1939 6022
1760 6023
1748 6024
1760 6025
1662 6026
1650 6027
1797 6028
1735 6029
1742 6030
1734 6031
1781 6032
1629 6033
1665 6034
1668 6035
1662 6036
1670 6037
1679 6038
1648 6039
1647 6040
1642 6041
1690 6042
1893 6043
6558 6044
2296 6045
1760 6046
1792 6047
1754 6048
1743 6049
1734 6050
1742 6051
1645 6052
1676 6053
1633 6054
1659 6055
1838 6056
1676 6057
1639 6058
1671 6059
1678 6060
1720 6061
1760 6062
1743 6063
1641 6064
1636 6065
1956 6066
1893 6067
7250 6068
1748 6069
1914 6070
1762 6071
1751 6072
1757 6073
1729 6074
1771 6075
1751 6076
1728 6077
1743 6078
1774 6079
1726 6080
1913 6081
1754 6082
1748 6083
1757 6084
1746 6085
1762 6086
1879 6087
1725 6088
1864 6089
1962 6090
7818 6091
1911 6092
1820 6093
1748 6094
1823 6095
1769 6096
1763 6097
1740 6098
1754 6099
1832 6100
1766 6101
1748 6102
1751 6103
1818 6104
1748 6105
1824 6106
1748 6107
1737 6108
1745 6109
1749 6110
1771 6111
1795 6112
1976 6113
10652 6114
2094 6115
1867 6116
1763 6117
1740 6118
1728 6119
1820 6120
1754 6121
1772 6122
1746 6123
1641 6124
1743 6125
1664 6126
1677 6127
1748 6128
1711 6129
1749 6130
1785 6131
1746 6132
1814 6133
1749 6134
1659 6135
1979 6136
7135 6137
2400 6138
1659 6139
1619 6140
1731 6141
1760 6142
1722 6143
1732 6144
1751 6145
1765 6146
1662 6147
1647 6148
1657 6149
1728 6150
1913 6151
1644 6152
1748 6153
1654 6154
1734 6155
1739 6156
1731 6157
1616 6158
1855 6159
1959 6160
7467 6161
1898 6162
1746 6163
1763 6164
1774 6165
1742 6166
1688 6167
1645 6168
1913 6169
1751 6170
1720 6171
1771 6172
1625 6173
1733 6174
1743 6175
1722 6176
1743 6177
1742 6178
1634 6179
1635 6180
1674 6181
1889 6182
1841 6183
6913 6184
1817 6185
1642 6186
1740 6187
1760 6188
1754 6189
1728 6190
1734 6191
1757 6192
1777 6193
1800 6194
1775 6195
1763 6196
1656 6197
1662 6198
1673 6199
1766 6200
1745 6201
1780 6202
1639 6203
1671 6204
1788 6205
1988 6206
7187 6207
2106 6208
1746 6209
1806 6210
1754 6211
1769 6212
1756 6213
1830 6214
1653 6215
1737 6216
1742 6217
2000 6218
1653 6219
1644 6220
1651 6221
1676 6222
1702 6223
1749 6224
1771 6225
1648 6226
1641 6227
1746 6228
1829 6229
1887 6230
7082 6231
1795 6232
1731 6233
1631 6234
1621 6235
1633 6236
1667 6237
1757 6238
1732 6239
1765 6240
1766 6241
1679 6242
1751 6243
1775 6244
1655 6245
1651 6246
1662 6247
1757 6248
1737 6249
1791 6250
1757 6251
1977 6252
2051 6253
6760 6254
1821 6255
1771 6256
1650 6257
1679 6258
1648 6259
1800 6260
1667 6261
1685 6262
1772 6263
1771 6264
1743 6265
1653 6266
1772 6267
2002 6268
1751 6269
1685 6270
1659 6271
1641 6272
1639 6273
1749 6274
1855 6275
1892 6276
7297 6277
1962 6278
1797 6279
1737 6280
1633 6281
1639 6282
1642 6283
1655 6284
1752 6285
1734 6286
1765 6287
1665 6288
1645 6289
1656 6290
1670 6291
1650 6292
1637 6293
1765 6294
1780 6295
1760 6296
1647 6297
1685 6298
1884 6299
6760 6300
2118 6301
1748 6302
1751 6303
1755 6304
1765 6305
1637 6306
1641 6307
1633 6308
1667 6309
1645 6310
1725 6311
1757 6312
1778 6313
1742 6314
1749 6315
1803 6316
1768 6317
1774 6318
1752 6319
1641 6320
1769 6321
2089 6322
1993 6323
7456 6324
1832 6325
1664 6326
1657 6327
1667 6328
1630 6329
1633 6330
1659 6331
1769 6332
1743 6333
1759 6334
1777 6335
1740 6336
1769 6337
1659 6338
1653 6339
1688 6340
1665 6341
1644 6342
1647 6343
1780 6344
1862 6345
2008 6346
7775 6347
1919 6348
1757 6349
1771 6350
1743 6351
1734 6352
1765 6353
1737 6354
1639 6355
1745 6356
1769 6357
1829 6358
1757 6359
1962 6360
1676 6361
1887 6362
1757 6363
1772 6364
1751 6365
1780 6366
1685 6367
1734 6368
1904 6369
7443 6370
1905 6371
1788 6372
1723 6373
1820 6374
1798 6375
2963 6376
1771 6377
1657 6378
1644 6379
1665 6380
1656 6381
1662 6382
1673 6383
17963 6384
2175 6385
1890 6386
1806 6387
1765 6388
1764 6389
1774 6390
1786 6391
1961 6392
8151 6393
2170 6394
1762 6395
1731 6396
1755 6397
1644 6398
1648 6399
1575 6400
1644 6401
1677 6402
1664 6403
1648 6404
1644 6405
1633 6406
1642 6407
1630 6408
1728 6409
1676 6410
1694 6411
1685 6412
1731 6413
1734 6414
1812 6415
1970 6416
7672 6417
1714 6418
2184 6419
1584 6420
1647 6421
1754 6422
1737 6423
1665 6424
1679 6425
1641 6426
1720 6427
1639 6428
1777 6429
1789 6430
1742 6431
1752 6432
1664 6433
1677 6434
1664 6435
1746 6436
1748 6437
2011 6438
1907 6439
17161 6440
14673 6441
2574 6442
1973 6443
1804 6444
1904 6445
1679 6446
1679 6447
1688 6448
1898 6449
1682 6450
1584 6451
1708 6452
1798 6453
1615 6454
1650 6455
1761 6456
1768 6457
1662 6458
1720 6459
1771 6460
1754 6461
1916 6462
8454 6463
1848 6464
1683 6465
1809 6466
1642 6467
1675 6468
1642 6469
1668 6470
1760 6471
1754 6472
1748 6473
1746 6474
1826 6475
1760 6476
1662 6477
1748 6478
1861 6479
1794 6480
1850 6481
1786 6482
1890 6483
1716 6484
1936 6485
7386 6486
2141 6487
1743 6488
1748 6489
1659 6490
1760 6491
1748 6492
1760 6493
1766 6494
1765 6495
1654 6496
1745 6497
1763 6498
1786 6499
1786 6500
1754 6501
1748 6502
1659 6503
1688 6504
1667 6505
1763 6506
1754 6507
1899 6508
1959 6509
7158 6510
1832 6511
1751 6512
1746 6513
1751 6514
1653 6515
1633 6516
1668 6517
1647 6518
1679 6519
1654 6520
1681 6521
1633 6522
1749 6523
1754 6524
1771 6525
1777 6526
1789 6527
1754 6528
1662 6529
1691 6530
1855 6531
2037 6532
7421 6533
1918 6534
1780 6535
1774 6536
1876 6537
1647 6538
1665 6539
1647 6540
1654 6541
1644 6542
1650 6543
1754 6544
1746 6545
8084 6546
1999 6547
1795 6548
1774 6549
1749 6550
1731 6551
1780 6552
1694 6553
1829 6554
1878 6555
7066 6556
2106 6557
1780 6558
1795 6559
1774 6560
1751 6561
1803 6562
1766 6563
1812 6564
1751 6565
1757 6566
1749 6567
1777 6568
1734 6569
1786 6570
1745 6571
1734 6572
1763 6573
1780 6574
1769 6575
1774 6576
1645 6577
1849 6578
1875 6579
7481 6580
1896 6581
1757 6582
1633 6583
1653 6584
1656 6585
1803 6586
1645 6587
1800 6588
1777 6589
1731 6590
1754 6591
1755 6592
1780 6593
1766 6594
1835 6595
1762 6596
1772 6597
1771 6598
1919 6599
1794 6600
1760 6601
1974 6602
6976 6603
1818 6604
1676 6605
1662 6606
1685 6607
1736 6608
1728 6609
1660 6610
1736 6611
1723 6612
1855 6613
1731 6614
1731 6615
1754 6616
1774 6617
1746 6618
1702 6619
1722 6620
1720 6621
1622 6622
1725 6623
1930 6624
1849 6625
7369 6626
1942 6627
1754 6628
1785 6629
1738 6630
1915 6631
1662 6632
1760 6633
1653 6634
1797 6635
1743 6636
1743 6637
1760 6638
1644 6639
1645 6640
1659 6641
1647 6642
1648 6643
1817 6644
1731 6645
1636 6646
1763 6647
1858 6648
6783 6649
2288 6650
1763 6651
1734 6652
1751 6653
1728 6654
1757 6655
1746 6656
135317 6657
4770 6658
1935 6659
1708 6660
1651 6661
1696 6662
1685 6663
1642 6664
1757 6665
1722 6666
1731 6667
1648 6668
1731 6669
1699 6670
1878 6671
10392 6672
2332 6673
1771 6674
1665 6675
1696 6676
1729 6677
1572 6678
1578 6679
1745 6680
1731 6681
1637 6682
1716 6683
1656 6684
1604 6685
1711 6686
1581 6687
1754 6688
1746 6689
1693 6690
1728 6691
1674 6692
1679 6693
1751 6694
1870 6695
7343 6696
1722 6697
1647 6698
1651 6699
1725 6700
1742 6701
1792 6702
1650 6703
1639 6704
1645 6705
1647 6706
1633 6707
1622 6708
1962 6709
1630 6710
1615 6711
1581 6712
1662 6713
1731 6714
1751 6715
1717 6716
1835 6717
1852 6718
10539 6719
2003 6720
1774 6721
1659 6722
1731 6723
1694 6724
1690 6725
1564 6726
1558 6727
1763 6728
1728 6729
1792 6730
1659 6731
1595 6732
1746 6733
1687 6734
1731 6735
1746 6736
1670 6737
1631 6738
1555 6739
1650 6740
1968 6741
7700 6742
1875 6743
1775 6744
1696 6745
1656 6746
1734 6747
1561 6748
1711 6749
1659 6750
1711 6751
1673 6752
1650 6753
1717 6754
1636 6755
1624 6756
1700 6757
1713 6758
1705 6759
1665 6760
1553 6761
1641 6762
1592 6763
1919 6764
6896 6765
2109 6766
1739 6767
1708 6768
1723 6769
1679 6770
1728 6771
1621 6772
1619 6773
1636 6774
1624 6775
1887 6776
1677 6777
1621 6778
1757 6779
1552 6780
1717 6781
1670 6782
1717 6783
1650 6784
1726 6785
1771 6786
1950 6787
1977 6788
7022 6789
2065 6790
1677 6791
1650 6792
1740 6793
1737 6794
1736 6795
1746 6796
1774 6797
1737 6798
1633 6799
1570 6800
1647 6801
1639 6802
1740 6803
1713 6804
1660 6805
1725 6806
1716 6807
1694 6808
1728 6809
2014 6810
1884 6811
7227 6812
1794 6813
1631 6814
1641 6815
1636 6816
1763 6817
1561 6818
1639 6819
1734 6820
1739 6821
1680 6822
1664 6823
1662 6824
1668 6825
1711 6826
1629 6827
1648 6828
1572 6829
1567 6830
1567 6831
1650 6832
1705 6833
1991 6834
7328 6835
1916 6836
1583 6837
1581 6838
1584 6839
1564 6840
1549 6841
1614 6842
1731 6843
1728 6844
1751 6845
1653 6846
1670 6847
1639 6848
1654 6849
1630 6850
1615 6851
1639 6852
1630 6853
1832 6854
1624 6855
1622 6856
1904 6857
2141 6858
7582 6859
1806 6860
1665 6861
1673 6862
1726 6863
1635 6864
1656 6865
69716 6866
2329 6867
1777 6868
1590 6869
1644 6870
1653 6871
1636 6872
1592 6873
1680 6874
1644 6875
1645 6876
1656 6877
1650 6878
1569 6879
1873 6880
1786 6881
10626 6882
1783 6883
1653 6884
1688 6885
1653 6886
1653 6887
1639 6888
1636 6889
1633 6890
1642 6891
1615 6892
1633 6893
1650 6894
1657 6895
1606 6896
1590 6897
1803 6898
1573 6899
1595 6900
1671 6901
1630 6902
1734 6903
1840 6904
7300 6905
1754 6906
1607 6907
1627 6908
1639 6909
1581 6910
1581 6911
1584 6912
1569 6913
1558 6914
1564 6915
1639 6916
1633 6917
1639 6918
1661 6919
1622 6920
1560 6921
1614 6922
1569 6923
1587 6924
1555 6925
1627 6926
1772 6927
6909 6928
2147 6929
1627 6930
1645 6931
1653 6932
1641 6933
1651 6934
1645 6935
1650 6936
1598 6937
1647 6938
1633 6939
1633 6940
1680 6941
1644 6942
1630 6943
1624 6944
1800 6945
1619 6946
1697 6947
1618 6948
1697 6949
1745 6950
1803 6951
6858 6952
1717 6953
1592 6954
1657 6955
1621 6956
1581 6957
1572 6958
1567 6959
1567 6960
1572 6961
1555 6962
1625 6963
1543 6964
1576 6965
1548 6966
1538 6967
1613 6968
1549 6969
1555 6970
1611 6971
1534 6972
1728 6973
1809 6974
6809 6975
1818 6976
1676 6977
1648 6978
1667 6979
1576 6980
1630 6981
1624 6982
1630 6983
1636 6984
1636 6985
1633 6986
1644 6987
1630 6988
1625 6989
1748 6990
1633 6991
1645 6992
1583 6993
1558 6994
1570 6995
1788 6996
1879 6997
7308 6998
1788 6999
1720 7000
1645 7001
1647 7002
1676 7003
1631 7004
1624 7005
1647 7006
1573 7007
1549 7008
1641 7009
1631 7010
1604 7011
1650 7012
1627 7013
1624 7014
1708 7015
1614 7016
1728 7017
1627 7018
1685 7019
1803 7020
6581 7021
2126 7022
1636 7023
1633 7024
1581 7025
1561 7026
1647 7027
1674 7028
1581 7029
1632 7030
1631 7031
1630 7032
1627 7033
1644 7034
1651 7035
1567 7036
1670 7037
1561 7038
1560 7039
1561 7040
1807 7041
1563 7042
1751 7043
1781 7044
9936 7045
1927 7046
1631 7047
1655 7048
1631 7049
1635 7050
1651 7051
1644 7052
1651 7053
1624 7054
1636 7055
1630 7056
1665 7057
1632 7058
1648 7059
1624 7060
1639 7061
1630 7062
1624 7063
1633 7064
1645 7065
1723 7066
1837 7067
7340 7068
1791 7069
1628 7070
1564 7071
1543 7072
1624 7073
1619 7074
1630 7075
1621 7076
1639 7077
1613 7078
1624 7079
1633 7080
1622 7081
1633 7082
1633 7083
1641 7084
1570 7085
1590 7086
1624 7087
1566 7088
1671 7089
1849 7090
6824 7091
1996 7092
1653 7093
1662 7094
1662 7095
1656 7096
1647 7097
1596 7098
1642 7099
1638 7100
1659 7101
1622 7102
1624 7103
1667 7104
1596 7105
1728 7106
1579 7107
1575 7108
1644 7109
1558 7110
1561 7111
1546 7112
1720 7113
1823 7114
14183 7115
1749 7116
1566 7117
1657 7118
1595 7119
1630 7120
1682 7121
1639 7122
1604 7123
1613 7124
1613 7125
1615 7126
1555 7127
1599 7128
1540 7129
1648 7130
1621 7131
1552 7132
1561 7133
1624 7134
1561 7135
1769 7136
1873 7137
7406 7138
1670 7139
1581 7140
1578 7141
1561 7142
1590 7143
1613 7144
1578 7145
1621 7146
1610 7147
1561 7148
1584 7149
1607 7150
1633 7151
1570 7152
1560 7153
1607 7154
1535 7155
1642 7156
1609 7157
1599 7158
1751 7159
1830 7160
7276 7161
1774 7162
1622 7163
1632 7164
1570 7165
1581 7166
1645 7167
1630 7168
1581 7169
1636 7170
1644 7171
1569 7172
1616 7173
1576 7174
1641 7175
1607 7176
1607 7177
1624 7178
1677 7179
1621 7180
1725 7181
1714 7182
1855 7183
6933 7184
2107 7185
1655 7186
1657 7187
1569 7188
1613 7189
1633 7190
1636 7191
1629 7192
1758 7193
1635 7194
1637 7195
1583 7196
1570 7197
1555 7198
1621 7199
1541 7200
1572 7201
1579 7202
1575 7203
1639 7204
1564 7205
1756 7206
1810 7207
7671 7208
1633 7209
1636 7210
1595 7211
1593 7212
1572 7213
1593 7214
1564 7215
1560 7216
1645 7217
1561 7218
1558 7219
1563 7220
1576 7221
1563 7222
1578 7223
1648 7224
1641 7225
1654 7226
1635 7227
1645 7228
1688 7229
1826 7230
6824 7231
1892 7232
1564 7233
1564 7234
1578 7235
1572 7236
1558 7237
1558 7238
1576 7239
1572 7240
1567 7241
1638 7242
1581 7243
1668 7244
1587 7245
1679 7246
1638 7247
1565 7248
1673 7249
1618 7250
1662 7251
1656 7252
1904 7253
7149 7254
1772 7255
1815 7256
1647 7257
1631 7258
1635 7259
1627 7260
1628 7261
1632 7262
1639 7263
1656 7264
1798 7265
1676 7266
1624 7267
1708 7268
1677 7269
1630 7270
1613 7271
1627 7272
1673 7273
1642 7274
1653 7275
1809 7276
6904 7277
2060 7278
1627 7279
1627 7280
1631 7281
1641 7282
1590 7283
1768 7284
1556 7285
1627 7286
1679 7287
1578 7288
1624 7289
1628 7290
1592 7291
1601 7292
1538 7293
1552 7294
1596 7295
1601 7296
1541 7297
1699 7298
1774 7299
1769 7300
6826 7301
1700 7302
1618 7303
1627 7304
1622 7305
1607 7306
1609 7307
1605 7308
1635 7309
1639 7310
1642 7311
1610 7312
1621 7313
1636 7314
1633 7315
1575 7316
1556 7317
1615 7318
1639 7319
1546 7320
1619 7321
1725 7322
1841 7323
6996 7324
1809 7325
1622 7326
1632 7327
1665 7328
1630 7329
1567 7330
1555 7331
1719 7332
1608 7333
1584 7334
1575 7335
1558 7336
1768 7337
1657 7338
1560 7339
1546 7340
1625 7341
1567 7342
1609 7343
1558 7344
1604 7345
1781 7346
6832 7347
2022 7348
1621 7349
1651 7350
1641 7351
1596 7352
1650 7353
1628 7354
15098 7355
2579 7356
1788 7357
1645 7358
1659 7359
1650 7360
1662 7361
1563 7362
1654 7363
1650 7364
1645 7365
1575 7366
1679 7367
1694 7368
1863 7369
2020 7370
11125 7371
1766 7372
1567 7373
1572 7374
1630 7375
1581 7376
1624 7377
1656 7378
1587 7379
1642 7380
1656 7381
1607 7382
1688 7383
1569 7384
1570 7385
1589 7386
1639 7387
1650 7388
1636 7389
1645 7390
1635 7391
1741 7392
1858 7393
7622 7394
1670 7395
1648 7396
1575 7397
1670 7398
1662 7399
1627 7400
1579 7401
1644 7402
1570 7403
1624 7404
1595 7405
1544 7406
1622 7407
21136 7408
2230 7409
1749 7410
1638 7411
1795 7412
1633 7413
1633 7414
1806 7415
1858 7416
8107 7417
1866 7418
1576 7419
1639 7420
1566 7421
1622 7422
1575 7423
1589 7424
1573 7425
1731 7426
1567 7427
1555 7428
1590 7429
1561 7430
1563 7431
1590 7432
1650 7433
1572 7434
1590 7435
1639 7436
1630 7437
1676 7438
1783 7439
6720 7440
2212 7441
1631 7442
1569 7443
1567 7444
1567 7445
1629 7446
1593 7447
1581 7448
1572 7449
1636 7450
1547 7451
1636 7452
1633 7453
1618 7454
1575 7455
1619 7456
1616 7457
1610 7458
1641 7459
1625 7460
1629 7461
1743 7462
1795 7463
6840 7464
1697 7465
1589 7466
1573 7467
1581 7468
1599 7469
1627 7470
1627 7471
1636 7472
1566 7473
1619 7474
144487 7475
4425 7476
1818 7477
1815 7478
1725 7479
1829 7480
1855 7481
1812 7482
1751 7483
1804 7484
1996 7485
1994 7486
11592 7487
1999 7488
1812 7489
1824 7490
1861 7491
1774 7492
1795 7493
1909 7494
1801 7495
1754 7496
1769 7497
1774 7498
1765 7499
1948 7500
1832 7501
1717 7502
1785 7503
1858 7504
1766 7505
1795 7506
1786 7507
2005 7508
2014 7509
7386 7510
2126 7511
1757 7512
1979 7513
1850 7514
1780 7515
1823 7516
1818 7517
1846 7518
1671 7519
1797 7520
2003 7521
1777 7522
1725 7523
1803 7524
1783 7525
1769 7526
1768 7527
1781 7528
1774 7529
1835 7530
1815 7531
2105 7532
7049 7533
2066 7534
1947 7535
1870 7536
1849 7537
1959 7538
1743 7539
1881 7540
1774 7541
1901 7542
1850 7543
1785 7544
1723 7545
1867 7546
2034 7547
1803 7548
1769 7549
1840 7550
1751 7551
1812 7552
1731 7553
2052 7554
1918 7555
7049 7556
2348 7557
1783 7558
1789 7559
1791 7560
1792 7561
1784 7562
1765 7563
1783 7564
1786 7565
1786 7566
1789 7567
1829 7568
1785 7569
1818 7570
1792 7571
1999 7572
1740 7573
1771 7574
1778 7575
1794 7576
1780 7577
1985 7578
2029 7579
7582 7580
1962 7581
1731 7582
1806 7583
1777 7584
1806 7585
1783 7586
1806 7587
1792 7588
1791 7589
1804 7590
1782 7591
1798 7592
1789 7593
1794 7594
1784 7595
1802 7596
1683 7597
1786 7598
1785 7599
1778 7600
1889 7601
2060 7602
7066 7603
2054 7604
1809 7605
1714 7606
1985 7607
1711 7608
1699 7609
1714 7610
2011 7611
1806 7612
1817 7613
1801 7614
1708 7615
1714 7616
1826 7617
1858 7618
1811 7619
1784 7620
1722 7621
1699 7622
1812 7623
1752 7624
1941 7625
7124 7626
2273 7627
1818 7628
1823 7629
1809 7630
1792 7631
1693 7632
1798 7633
1705 7634
1780 7635
1783 7636
1812 7637
1760 7638
1795 7639
1785 7640
1697 7641
1803 7642
1702 7643
1780 7644
1697 7645
1774 7646
1691 7647
1985 7648
2031 7649
10219 7650
1852 7651
1818 7652
1864 7653
1708 7654
1731 7655
1708 7656
1710 7657
1708 7658
1798 7659
1812 7660
1722 7661
1699 7662
1807 7663
1823 7664
1714 7665
1719 7666
1717 7667
1714 7668
1713 7669
1706 7670
1817 7671
2049 7672
7238 7673
1861 7674
1818 7675
1800 7676
1780 7677
1696 7678
1781 7679
1702 7680
1778 7681
1708 7682
1788 7683
1708 7684
1768 7685
1801 7686
1798 7687
1975 7688
1838 7689
1697 7690
1786 7691
1867 7692
1779 7693
1899 7694
1924 7695
7000 7696
2057 7697
1809 7698
1814 7699
1830 7700
1812 7701
1791 7702
1792 7703
1788 7704
1775 7705
1783 7706
1786 7707
1694 7708
1782 7709
1711 7710
1792 7711
1794 7712
1795 7713
1818 7714
1693 7715
1846 7716
1833 7717
2109 7718
6716 7719
2277 7720
1699 7721
1696 7722
1706 7723
1708 7724
1803 7725
1705 7726
1803 7727
1798 7728
1791 7729
1795 7730
1803 7731
1711 7732
1708 7733
1717 7734
1710 7735
1833 7736
1705 7737
1831 7738
1809 7739
1764 7740
2010 7741
1930 7742
7245 7743
1774 7744
1801 7745
1809 7746
1805 7747
1787 7748
1812 7749
1805 7750
1807 7751
1812 7752
1805 7753
1807 7754
1719 7755
1711 7756
1786 7757
1693 7758
1801 7759
1690 7760
20929 7761
2614 7762
1841 7763
1855 7764
2065 7765
8480 7766
2123 7767
1818 7768
1806 7769
1841 7770
1708 7771
1705 7772
1705 7773
1711 7774
1783 7775
1878 7776
1688 7777
1780 7778
1821 7779
1777 7780
1777 7781
1777 7782
1783 7783
1783 7784
1789 7785
1783 7786
1809 7787
2022 7788
14388 7789
2141 7790
1893 7791
1809 7792
1812 7793
1818 7794
1794 7795
1797 7796
1786 7797
1705 7798
1783 7799
1815 7800
1820 7801
1965 7802
1838 7803
1783 7804
1809 7805
1815 7806
1786 7807
1803 7808
1809 7809
2037 7810
1996 7811
7623 7812
2314 7813
1699 7814
1705 7815
1795 7816
1786 7817
1808 7818
1888 7819
1748 7820
1783 7821
1806 7822
1843 7823
1801 7824
1777 7825
1800 7826
1777 7827
1781 7828
1774 7829
1772 7830
1777 7831
1789 7832
1780 7833
1967 7834
2026 7835
6970 7836
1895 7837
1798 7838
1803 7839
1769 7840
1797 7841
1893 7842
1754 7843
1786 7844
1803 7845
1806 7846
1798 7847
1780 7848
1993 7849
1792 7850
1780 7851
1786 7852
1827 7853
1777 7854
1777 7855
1777 7856
2071 7857
2023 7858
6806 7859
2040 7860
1794 7861
1818 7862
1803 7863
1789 7864
1806 7865
1780 7866
1783 7867
1777 7868
1778 7869
1754 7870
1780 7871
1800 7872
1792 7873
1780 7874
1783 7875
1786 7876
1780 7877
1780 7878
1806 7879
1815 7880
2025 7881
6674 7882
2267 7883
1821 7884
1817 7885
1818 7886
1783 7887
1809 7888
1795 7889
1780 7890
1783 7891
1783 7892
1777 7893
1771 7894
1781 7895
1777 7896
1757 7897
1783 7898
1780 7899
1780 7900
1801 7901
1754 7902
1748 7903
1968 7904
2028 7905
6814 7906
1850 7907
1800 7908
1780 7909
1794 7910
1775 7911
1778 7912
1768 7913
1786 7914
1777 7915
1780 7916
1757 7917
1772 7918
1786 7919
1768 7920
1783 7921
1783 7922
1893 7923
1766 7924
1800 7925
1771 7926
2141 7927
2020 7928
7068 7929
1884 7930
1803 7931
1829 7932
1792 7933
1780 7934
1778 7935
1788 7936
1775 7937
1774 7938
1762 7939
1772 7940
1781 7941
1779 7942
1787 7943
1788 7944
1778 7945
1748 7946
1777 7947
1772 7948
1777 7949
1869 7950
2020 7951
7429 7952
2046 7953
1788 7954
1786 7955
1780 7956
1749 7957
1794 7958
1772 7959
1780 7960
1774 7961
1855 7962
1777 7963
1777 7964
1787 7965
1783 7966
1783 7967
1780 7968
1780 7969
1774 7970
1772 7971
1785 7972
1815 7973
2023 7974
8615 7975
2475 7976
1775 7977
1782 7978
1789 7979
1780 7980
1781 7981
1777 7982
1783 7983
1777 7984
1783 7985
1780 7986
1959 7987
1780 7988
1806 7989
1772 7990
1800 7991
1754 7992
1749 7993
1783 7994
1771 7995
1774 7996
1974 7997
2028 7998
7190 7999
1847 8000
1800 8001
1797 8002
1783 8003
1699 8004
1855 8005
1784 8006
1748 8007
1783 8008
1757 8009
1783 8010
1783 8011
1786 8012
1777 8013
1771 8014
1772 8015
1769 8016
1881 8017
1777 8018
1849 8019
1913 8020
2228 8021
7746 8022
1988 8023
1705 8024
1696 8025
1800 8026
1792 8027
1801 8028
1800 8029
1731 8030
1696 8031
1795 8032
1688 8033
1803 8034
1702 8035
1798 8036
1688 8037
1800 8038
1789 8039
1765 8040
1778 8041
1782 8042
1835 8043
2028 8044
7015 8045
2042 8046
1768 8047
1787 8048
1794 8049
1774 8050
1777 8051
1830 8052
1771 8053
1763 8054
1783 8055
1772 8056
1777 8057
1763 8058
1791 8059
1772 8060
1777 8061
1777 8062
1774 8063
1752 8064
1777 8065
1789 8066
1999 8067
6980 8068
2278 8069
1700 8070
1708 8071
1708 8072
1699 8073
1829 8074
1798 8075
1691 8076
1782 8077
1795 8078
1786 8079
1691 8080
1789 8081
1701 8082
1763 8083
1772 8084
1774 8085
1780 8086
1789 8087
1780 8088
1780 8089
1948 8090
2020 8091
7051 8092
1892 8093
1806 8094
1792 8095
1812 8096
1771 8097
1777 8098
1778 8099
1780 8100
1780 8101
1780 8102
11676 8103
2279 8104
1717 8105
1809 8106
1910 8107
1809 8108
1803 8109
1789 8110
1815 8111
1783 8112
2094 8113
2028 8114
7251 8115
2002 8116
1722 8117
1708 8118
1697 8119
1679 8120
1702 8121
1881 8122
1787 8123
1710 8124
1783 8125
1792 8126
1699 8127
1786 8128
1720 8129
1791 8130
1694 8131
1794 8132
1694 8133
1788 8134
1787 8135
1797 8136
2279 8137
7236 8138
2072 8139
1699 8140
1702 8141
1870 8142
1806 8143
1710 8144
1778 8145
1789 8146
1797 8147
1780 8148
1786 8149
1783 8150
1786 8151
1792 8152
1785 8153
1778 8154
1786 8155
1777 8156
1791 8157
1787 8158
1826 8159
2022 8160
7600 8161
2287 8162
1720 8163
1809 8164
1778 8165
1779 8166
1850 8167
1731 8168
1702 8169
1783 8170
1800 8171
1778 8172
1797 8173
1775 8174
1785 8175
1870 8176
1792 8177
1791 8178
1688 8179
1772 8180
1779 8181
1792 8182
1980 8183
1918 8184
6668 8185
1777 8186
1667 8187
1804 8188
1774 8189
1843 8190
1798 8191
1791 8192
1778 8193
1832 8194
1800 8195
1795 8196
1699 8197
1792 8198
1794 8199
1792 8200
1769 8201
1791 8202
1789 8203
1788 8204
1764 8205
1915 8206
2032 8207
6901 8208
1892 8209
1971 8210
1792 8211
1785 8212
1792 8213
1794 8214
1784 8215
1782 8216
1786 8217
1786 8218
1786 8219
1804 8220
1825 8221
1784 8222
1748 8223
1780 8224
1774 8225
1777 8226
1769 8227
1772 8228
1823 8229
2031 8230
21171 8231
2758 8232
1934 8233
1805 8234
1778 8235
1783 8236
1800 8237
1786 8238
1792 8239
1800 8240
1783 8241
1829 8242
1755 8243
1785 8244
1794 8245
1948 8246
1778 8247
1779 8248
1781 8249
1838 8250
1765 8251
1815 8252
1967 8253
7479 8254
2319 8255
1801 8256
1797 8257
1800 8258
1914 8259
1797 8260
1815 8261
1687 8262
1867 8263
1777 8264
1778 8265
1777 8266
1780 8267
1806 8268
1777 8269
1777 8270
1783 8271
1763 8272
1772 8273
1774 8274
1760 8275
1967 8276
2023 8277
6976 8278
1769 8279
1702 8280
1809 8281
1777 8282
1694 8283
1786 8284
1916 8285
1779 8286
1784 8287
1751 8288
1774 8289
1777 8290
1786 8291
1783 8292
1780 8293
131236 8294
4045 8295
1886 8296
1671 8297
1763 8298
2161 8299
2109 8300
10225 8301
2123 8302
1734 8303
1766 8304
1647 8305
1639 8306
1641 8307
1639 8308
1706 8309
1627 8310
1812 8311
1627 8312
1745 8313
1789 8314
1788 8315
1735 8316
1714 8317
1731 8318
1777 8319
1733 8320
1712 8321
1737 8322
2045 8323
6518 8324
1929 8325
1717 8326
1720 8327
1713 8328
1715 8329
1696 8330
1722 8331
1775 8332
1725 8333
1737 8334
1719 8335
1702 8336
1728 8337
1928 8338
1728 8339
1714 8340
1714 8341
1708 8342
1719 8343
1714 8344
1754 8345
1968 8346
7022 8347
2216 8348
1809 8349
1821 8350
1652 8351
1729 8352
1633 8353
1731 8354
1725 8355
1907 8356
1719 8357
1720 8358
1717 8359
1713 8360
1728 8361
1718 8362
1725 8363
1702 8364
1714 8365
1714 8366
1713 8367
1726 8368
1976 8369
2022 8370
6956 8371
1754 8372
1700 8373
1644 8374
1651 8375
1733 8376
1706 8377
1656 8378
1762 8379
1731 8380
1700 8381
1719 8382
1890 8383
1719 8384
1718 8385
1719 8386
1714 8387
1714 8388
1713 8389
1717 8390
1717 8391
1906 8392
1971 8393
8794 8394
1895 8395
1729 8396
1745 8397
1740 8398
1717 8399
1774 8400
1760 8401
1722 8402
1740 8403
1708 8404
1737 8405
1714 8406
1632 8407
1751 8408
1718 8409
1719 8410
1731 8411
1627 8412
1812 8413
1630 8414
1835 8415
2031 8416
7253 8417
1887 8418
1763 8419
1743 8420
1733 8421
1764 8422
1719 8423
1633 8424
1800 8425
1728 8426
1723 8427
1783 8428
1697 8429
1629 8430
1930 8431
17603 8432
2279 8433
1936 8434
1812 8435
1803 8436
1800 8437
1780 8438
2043 8439
8017 8440
2318 8441
1765 8442
1861 8443
1752 8444
1748 8445
1765 8446
1913 8447
1717 8448
1720 8449
1719 8450
1720 8451
1708 8452
1719 8453
1720 8454
1733 8455
1717 8456
1708 8457
1708 8458
1714 8459
1765 8460
1703 8461
1916 8462
2022 8463
7420 8464
1914 8465
1754 8466
1748 8467
1742 8468
1749 8469
1745 8470
1731 8471
1636 8472
1720 8473
1633 8474
1725 8475
1651 8476
1748 8477
1760 8478
1725 8479
1719 8480
1726 8481
1720 8482
1719 8483
1714 8484
2048 8485
1968 8486
6586 8487
2014 8488
1806 8489
1746 8490
1760 8491
1662 8492
1662 8493
1655 8494
1668 8495
1668 8496
1737 8497
1641 8498
1752 8499
1632 8500
1743 8501
1728 8502
1648 8503
1722 8504
1708 8505
1648 8506
1650 8507
1690 8508
1876 8509
6682 8510
1973 8511
1745 8512
1740 8513
1734 8514
1913 8515
1722 8516
1752 8517
1719 8518
1722 8519
1732 8520
1754 8521
1731 8522
1792 8523
1638 8524
1784 8525
1731 8526
1779 8527
1798 8528
1737 8529
1633 8530
1760 8531
2042 8532
6829 8533
2242 8534
1645 8535
1641 8536
1777 8537
1810 8538
1814 8539
1818 8540
1769 8541
1812 8542
1719 8543
1754 8544
1806 8545
1726 8546
1754 8547
1731 8548
1814 8549
1777 8550
1718 8551
1731 8552
1725 8553
1791 8554
1769 8555
2031 8556
6915 8557
1798 8558
1766 8559
1812 8560
1812 8561
1754 8562
1754 8563
1780 8564
1751 8565
1755 8566
1722 8567
1999 8568
1717 8569
1771 8570
1769 8571
1731 8572
1789 8573
1742 8574
1789 8575
1745 8576
1723 8577
1852 8578
2032 8579
10917 8580
2054 8581
1930 8582
1719 8583
1708 8584
1746 8585
1754 8586
1656 8587
1662 8588
1754 8589
1737 8590
1795 8591
1806 8592
1811 8593
1769 8594
1774 8595
1763 8596
1800 8597
1752 8598
1809 8599
1763 8600
1831 8601
1983 8602
7365 8603
2216 8604
1723 8605
1716 8606
1806 8607
1821 8608
1762 8609
1812 8610
1740 8611
1722 8612
1801 8613
1742 8614
1795 8615
1708 8616
1665 8617
1725 8618
1728 8619
1729 8620
1722 8621
1728 8622
1720 8623
1722 8624
1925 8625
2039 8626
6968 8627
1806 8628
1814 8629
1827 8630
1731 8631
1913 8632
1803 8633
1693 8634
1833 8635
1800 8636
1743 8637
1782 8638
1922 8639
1731 8640
1725 8641
1731 8642
1731 8643
1720 8644
20692 8645
1847 8646
1656 8647
1800 8648
1875 8649
8159 8650
1784 8651
1705 8652
1748 8653
1740 8654
1641 8655
1731 8656
1740 8657
1728 8658
1725 8659
1769 8660
1708 8661
1726 8662
1785 8663
1919 8664
1722 8665
1729 8666
1722 8667
1717 8668
1722 8669
1728 8670
1962 8671
1974 8672
6814 8673
2178 8674
1763 8675
1722 8676
1735 8677
1728 8678
1728 8679
1720 8680
1722 8681
1895 8682
1728 8683
1700 8684
1725 8685
1725 8686
1761 8687
1725 8688
1725 8689
1720 8690
1725 8691
1731 8692
1726 8693
1756 8694
1977 8695
6840 8696
2202 8697
1656 8698
1748 8699
1766 8700
1748 8701
1728 8702
1740 8703
1731 8704
1754 8705
1725 8706
1645 8707
1743 8708
1777 8709
1722 8710
1734 8711
1726 8712
1702 8713
1714 8714
1713 8715
1728 8716
1720 8717
1985 8718
2034 8719
6806 8720
1676 8721
1751 8722
1810 8723
1722 8724
1786 8725
1722 8726
1743 8727
1728 8728
1748 8729
1728 8730
1743 8731
1720 8732
1705 8733
1731 8734
1722 8735
1720 8736
1728 8737
1725 8738
1726 8739
1846 8740
2126 8741
2011 8742
6720 8743
1953 8744
1763 8745
1763 8746
1771 8747
1676 8748
1766 8749
1746 8750
1765 8751
1731 8752
1754 8753
1634 8754
1754 8755
1806 8756
1762 8757
1778 8758
1734 8759
1797 8760
1699 8761
1720 8762
1789 8763
1728 8764
1927 8765
7409 8766
2023 8767
1811 8768
1711 8769
1735 8770
1725 8771
1719 8772
1728 8773
1775 8774
1699 8775
1832 8776
1708 8777
1725 8778
1726 8779
1754 8780
1708 8781
1725 8782
1726 8783
1725 8784
1725 8785
1720 8786
1742 8787
1936 8788
6460 8789
2262 8790
1647 8791
1731 8792
1746 8793
1832 8794
1728 8795
1743 8796
1783 8797
1808 8798
1769 8799
1639 8800
1737 8801
1806 8802
1786 8803
1728 8804
1786 8805
1746 8806
1759 8807
1789 8808
1627 8809
1774 8810
2225 8811
2045 8812
7335 8813
1901 8814
1812 8815
1881 8816
1627 8817
1728 8818
1740 8819
1725 8820
1720 8821
1725 8822
1722 8823
1729 8824
1731 8825
1783 8826
1725 8827
1725 8828
1904 8829
1752 8830
1811 8831
1731 8832
1856 8833
1847 8834
2048 8835
7224 8836
1973 8837
1908 8838
1815 8839
1817 8840
1728 8841
1795 8842
1748 8843
1800 8844
1743 8845
1800 8846
1746 8847
1696 8848
1792 8849
1792 8850
1748 8851
1749 8852
1733 8853
1740 8854
1806 8855
1737 8856
1907 8857
2019 8858
7049 8859
2141 8860
1739 8861
1746 8862
1751 8863
1953 8864
1751 8865
1654 8866
1731 8867
1737 8868
1733 8869
1778 8870
1728 8871
1731 8872
1720 8873
1803 8874
1728 8875
1734 8876
1702 8877
1751 8878
1729 8879
1725 8880
2092 8881
2037 8882
7005 8883
1765 8884
1723 8885
1725 8886
1722 8887
1732 8888
1667 8889
1734 8890
1648 8891
1708 8892
1650 8893
1710 8894
1732 8895
1638 8896
1734 8897
1752 8898
1641 8899
1714 8900
1722 8901
1717 8902
1720 8903
1904 8904
2034 8905
9293 8906
1919 8907
1817 8908
1812 8909
1812 8910
1719 8911
1980 8912
1794 8913
1639 8914
1740 8915
1904 8916
1803 8917
1806 8918
1794 8919
1815 8920
1645 8921
1734 8922
1791 8923
1731 8924
1738 8925
1785 8926
1832 8927
2051 8928
7462 8929
2039 8930
1760 8931
1815 8932
1734 8933
1754 8934
1633 8935
1748 8936
1818 8937
1778 8938
29950 8939
2642 8940
1827 8941
1815 8942
1782 8943
1856 8944
1673 8945
1665 8946
1826 8947
1820 8948
1752 8949
1751 8950
1944 8951
8255 8952
2470 8953
1728 8954
1711 8955
1711 8956
1716 8957
1670 8958
1660 8959
1662 8960
1662 8961
1655 8962
1657 8963
1835 8964
1652 8965
1726 8966
1716 8967
1752 8968
1673 8969
1757 8970
1763 8971
1765 8972
1764 8973
2022 8974
2065 8975
7017 8976
1884 8977
1812 8978
1835 8979
1763 8980
1754 8981
1881 8982
1806 8983
1656 8984
1740 8985
1641 8986
1731 8987
1703 8988
1737 8989
1811 8990
1642 8991
1797 8992
1648 8993
1653 8994
1815 8995
1749 8996
1858 8997
2036 8998
6878 8999
2170 9000
1786 9001
1763 9002
1760 9003
1725 9004
1656 9005
1656 9006
1725 9007
1703 9008
1742 9009
1720 9010
1728 9011
1789 9012
1832 9013
1702 9014
1725 9015
1705 9016
1700 9017
1719 9018
1726 9019
1754 9020
2036 9021
13272 9022
2265 9023
1890 9024
1737 9025
1722 9026
1722 9027
1726 9028
1731 9029
1725 9030
1726 9031
1725 9032
1728 9033
1722 9034
1728 9035
1740 9036
1722 9037
1720 9038
1746 9039
1910 9040
1731 9041
1731 9042
1886 9043
2170 9044
6273 9045
2181 9046
1817 9047
1708 9048
1720 9049
1656 9050
1656 9051
1812 9052
1711 9053
1878 9054
1737 9055
1653 9056
1811 9057
1807 9058
1748 9059
1705 9060
1725 9061
1720 9062
1702 9063
1722 9064
1723 9065
1703 9066
1990 9067
1933 9068
6927 9069
1884 9070
1821 9071
1867 9072
1797 9073
1751 9074
1633 9075
1745 9076
1723 9077
1737 9078
1725 9079
1726 9080
1725 9081
1785 9082
1720 9083
1729 9084
1895 9085
1728 9086
1722 9087
1729 9088
1731 9089
1803 9090
2034 9091
6754 9092
1974 9093
1823 9094
1783 9095
1768 9096
1809 9097
1688 9098
1726 9099
1731 9100
1702 9101
1725 9102
1852 9103
1726 9104
1731 9105
1743 9106
1719 9107
1780 9108
1719 9109
1723 9110
1725 9111
146131 9112
4279 9113
2138 9114
10519 9115
2011 9116
1939 9117
1754 9118
1731 9119
1919 9120
1725 9121
1725 9122
1740 9123
1731 9124
1728 9125
1722 9126
1723 9127
1737 9128
1737 9129
1725 9130
1722 9131
1731 9132
1942 9133
1728 9134
1723 9135
1762 9136
2061 9137
6886 9138
2185 9139
1808 9140
1740 9141
1734 9142
1737 9143
1720 9144
1731 9145
1736 9146
1639 9147
1740 9148
1740 9149
1783 9150
1831 9151
1752 9152
1731 9153
1737 9154
1956 9155
1737 9156
1716 9157
1729 9158
1722 9159
1985 9160
1982 9161
6780 9162
1855 9163
1812 9164
1648 9165
1733 9166
1648 9167
1737 9168
1754 9169
1780 9170
1723 9171
1733 9172
1700 9173
1731 9174
1731 9175
1728 9176
1728 9177
1722 9178
1731 9179
1723 9180
1728 9181
1879 9182
1921 9183
2034 9184
10438 9185
1893 9186
1838 9187
1716 9188
1731 9189
1734 9190
1726 9191
1733 9192
1732 9193
1728 9194
1731 9195
1720 9196
1731 9197
1941 9198
1754 9199
1729 9200
1719 9201
1910 9202
1737 9203
1722 9204
1700 9205
1829 9206
1985 9207
7022 9208
1947 9209
1677 9210
1665 9211
1736 9212
1804 9213
1644 9214
1714 9215
1714 9216
1685 9217
1650 9218
1743 9219
1650 9220
1754 9221
1748 9222
1731 9223
1639 9224
1737 9225
1651 9226
1797 9227
1642 9228
1990 9229
1870 9230
6494 9231
2288 9232
1719 9233
1728 9234
1694 9235
1639 9236
1789 9237
1639 9238
1733 9239
1812 9240
1734 9241
1740 9242
1832 9243
1653 9244
1803 9245
1726 9246
1745 9247
1823 9248
1720 9249
1752 9250
1736 9251
1633 9252
1999 9253
1868 9254
6947 9255
1849 9256
1849 9257
1766 9258
1754 9259
1754 9260
1657 9261
1748 9262
1633 9263
1748 9264
1726 9265
1641 9266
1754 9267
1800 9268
1764 9269
1731 9270
1632 9271
1743 9272
1797 9273
1925 9274
1809 9275
1933 9276
2083 9277
7025 9278
2097 9279
1654 9280
1760 9281
1754 9282
1757 9283
1659 9284
1653 9285
1653 9286
1657 9287
1661 9288
1737 9289
1726 9290
1817 9291
2042 9292
1738 9293
1627 9294
1733 9295
1737 9296
1740 9297
1795 9298
1685 9299
2036 9300
6636 9301
2077 9302
1786 9303
1746 9304
1742 9305
1809 9306
1734 9307
1731 9308
1743 9309
1922 9310
1736 9311
1743 9312
1789 9313
1760 9314
1812 9315
1872 9316
1734 9317
1881 9318
1743 9319
1714 9320
1742 9321
1826 9322
2011 9323
6613 9324
2415 9325
1829 9326
1777 9327
1754 9328
1740 9329
1717 9330
1725 9331
1907 9332
1800 9333
1798 9334
1682 9335
1814 9336
1741 9337
1777 9338
1733 9339
1801 9340
1711 9341
1737 9342
1736 9343
1728 9344
1746 9345
1994 9346
1869 9347
6830 9348
1932 9349
1855 9350
1648 9351
1650 9352
1645 9353
1748 9354
1755 9355
1759 9356
1657 9357
1805 9358
1751 9359
1735 9360
1811 9361
1708 9362
1913 9363
1757 9364
1694 9365
1751 9366
1694 9367
1734 9368
1846 9369
2045 9370
6489 9371
1948 9372
1817 9373
1841 9374
1665 9375
1809 9376
1751 9377
1743 9378
1936 9379
1736 9380
1899 9381
1699 9382
1731 9383
1809 9384
1815 9385
1743 9386
1779 9387
1792 9388
1737 9389
1734 9390
1740 9391
1771 9392
2054 9393
6815 9394
2103 9395
1807 9396
1817 9397
1815 9398
1936 9399
1717 9400
1791 9401
1763 9402
1731 9403
1616 9404
1662 9405
1662 9406
1684 9407
1743 9408
1641 9409
1763 9410
1755 9411
1652 9412
1671 9413
1653 9414
1826 9415
2300 9416
2083 9417
6979 9418
1702 9419
1728 9420
1731 9421
1614 9422
1675 9423
1660 9424
1742 9425
1662 9426
1711 9427
1665 9428
1716 9429
1786 9430
1766 9431
1766 9432
1771 9433
1772 9434
1638 9435
1815 9436
1592 9437
1746 9438
1939 9439
2019 9440
6691 9441
1887 9442
1878 9443
1893 9444
1832 9445
1806 9446
1820 9447
1936 9448
1743 9449
1815 9450
1684 9451
1988 9452
1740 9453
1812 9454
1766 9455
16151 9456
2429 9457
1950 9458
1789 9459
1835 9460
1832 9461
1768 9462
2055 9463
7775 9464
1927 9465
1660 9466
1791 9467
1740 9468
1743 9469
1638 9470
1737 9471
1803 9472
1734 9473
1722 9474
1723 9475
1737 9476
1757 9477
1742 9478
1754 9479
1778 9480
1728 9481
1893 9482
1710 9483
1694 9484
1771 9485
2063 9486
6827 9487
2305 9488
1685 9489
1731 9490
1728 9491
1685 9492
1711 9493
1725 9494
1806 9495
1740 9496
1803 9497
1693 9498
1703 9499
1896 9500
1731 9501
1722 9502
1719 9503
1729 9504
1722 9505
1722 9506
1726 9507
1731 9508
1982 9509
2039 9510
9106 9511
1916 9512
1610 9513
1713 9514
1781 9515
1768 9516
1861 9517
1812 9518
1826 9519
1820 9520
1977 9521
1656 9522
1797 9523
1758 9524
1641 9525
1740 9526
1639 9527
1662 9528
1661 9529
1734 9530
19397 9531
2383 9532
2190 9533
8470 9534
2046 9535
1780 9536
1818 9537
1849 9538
1777 9539
1824 9540
1760 9541
1748 9542
1823 9543
1682 9544
1827 9545
1739 9546
1870 9547
1705 9548
1798 9549
1739 9550
1740 9551
1752 9552
1759 9553
1789 9554
1774 9555
2043 9556
7524 9557
2052 9558
1760 9559
1762 9560
1752 9561
1895 9562
1798 9563
1722 9564
1722 9565
1726 9566
1743 9567
1725 9568
1714 9569
1725 9570
1748 9571
1728 9572
1725 9573
1729 9574
1887 9575
1725 9576
1725 9577
1772 9578
2037 9579
6159 9580
2294 9581
1725 9582
1786 9583
1821 9584
1855 9585
1832 9586
1774 9587
1729 9588
1826 9589
1731 9590
1818 9591
1701 9592
1997 9593
1786 9594
1737 9595
1731 9596
1855 9597
1792 9598
1728 9599
1728 9600
1792 9601
2146 9602
2046 9603
6716 9604
1948 9605
1765 9606
1662 9607
1671 9608
1720 9609
1644 9610
1749 9611
1641 9612
1742 9613
1743 9614
1740 9615
1731 9616
1794 9617
1738 9618
1725 9619
1742 9620
1740 9621
1728 9622
1798 9623
1739 9624
1853 9625
1987 9626
7107 9627
1846 9628
1884 9629
1763 9630
1743 9631
1745 9632
1884 9633
1725 9634
1711 9635
1792 9636
1737 9637
1725 9638
1725 9639
1720 9640
1713 9641
1726 9642
1731 9643
1731 9644
1743 9645
1915 9646
1789 9647
1757 9648
2042 9649
6547 9650
2213 9651
1771 9652
1818 9653
1826 9654
1680 9655
1733 9656
1729 9657
1725 9658
1725 9659
1722 9660
1723 9661
1731 9662
1728 9663
1757 9664
1731 9665
1708 9666
1726 9667
1725 9668
1725 9669
1722 9670
1723 9671
1996 9672
1982 9673
6879 9674
1852 9675
1717 9676
1800 9677
1800 9678
1728 9679
1723 9680
1725 9681
1775 9682
1722 9683
1722 9684
1734 9685
1731 9686
1728 9687
1717 9688
1722 9689
1735 9690
1728 9691
1745 9692
1726 9693
1708 9694
1944 9695
2040 9696
13909 9697
1867 9698
1722 9699
1720 9700
1716 9701
1723 9702
1673 9703
1685 9704
1835 9705
1737 9706
1743 9707
1748 9708
1812 9709
1797 9710
1829 9711
1760 9712
1763 9713
1757 9714
1754 9715
1729 9716
1748 9717
1829 9718
2060 9719
6716 9720
1985 9721
1705 9722
1879 9723
1710 9724
1683 9725
1742 9726
1694 9727
1760 9728
1768 9729
1657 9730
1733 9731
1720 9732
1722 9733
1740 9734
1740 9735
1780 9736
1731 9737
1638 9738
1743 9739
1734 9740
1674 9741
2062 9742
6532 9743
2230 9744
1662 9745
1668 9746
1651 9747
1661 9748
1665 9749
1918 9750
1651 9751
1748 9752
1792 9753
1811 9754
1741 9755
1794 9756
1739 9757
1812 9758
1697 9759
1792 9760
1739 9761
1752 9762
1814 9763
1731 9764
1930 9765
2066 9766
7300 9767
1719 9768
1757 9769
1769 9770
1739 9771
1824 9772
1815 9773
1684 9774
1732 9775
1737 9776
1745 9777
1751 9778
1745 9779
1766 9780
1743 9781
1757 9782
1806 9783
1743 9784
1725 9785
1749 9786
1722 9787
2068 9788
1982 9789
6997 9790
2019 9791
1832 9792
1746 9793
1876 9794
1731 9795
1728 9796
1725 9797
1722 9798
1726 9799
1733 9800
1729 9801
1725 9802
1820 9803
1729 9804
1725 9805
1714 9806
1847 9807
1722 9808
1728 9809
1699 9810
1769 9811
1979 9812
7222 9813
1993 9814
1714 9815
1829 9816
1835 9817
1832 9818
1777 9819
1772 9820
1823 9821
1806 9822
1777 9823
1818 9824
1829 9825
1815 9826
1843 9827
1827 9828
1749 9829
1794 9830
11601 9831
1898 9832
1792 9833
1760 9834
2071 9835
9357 9836
2253 9837
1832 9838
1679 9839
1717 9840
1719 9841
1682 9842
1714 9843
1717 9844
1728 9845
1685 9846
1734 9847
1754 9848
1726 9849
1722 9850
1731 9851
1728 9852
1725 9853
1728 9854
1723 9855
1731 9856
1734 9857
1919 9858
2036 9859
6608 9860
1800 9861
1918 9862
1777 9863
1729 9864
1800 9865
1722 9866
1746 9867
1731 9868
1726 9869
1725 9870
1725 9871
1731 9872
1731 9873
1743 9874
1760 9875
1725 9876
1725 9877
1726 9878
1731 9879
1725 9880
1924 9881
2043 9882
6829 9883
1838 9884
1812 9885
1638 9886
1804 9887
1693 9888
1815 9889
1702 9890
1795 9891
1737 9892
1803 9893
1740 9894
1641 9895
1803 9896
1668 9897
1809 9898
1633 9899
1815 9900
1731 9901
1811 9902
1729 9903
1907 9904
2042 9905
6910 9906
1815 9907
1662 9908
1716 9909
1660 9910
1664 9911
1723 9912
1684 9913
1691 9914
1766 9915
1653 9916
1653 9917
1760 9918
1755 9919
2036 9920
1797 9921
1827 9922
1679 9923
1872 9924
1740 9925
1651 9926
1768 9927
1982 9928
6616 9929
2380 9930
140439 9931
4002 9932
1915 9933
1772 9934
1664 9935
1746 9936
1673 9937
1657 9938
1667 9939
17853 9940
2167 9941
1968 9942
1823 9943
1843 9944
1680 9945
1667 9946
1657 9947
1661 9948
1829 9949
1893 9950
1889 9951
9937 9952
2346 9953
1788 9954
1809 9955
1824 9956
1751 9957
1763 9958
1653 9959
1743 9960
1736 9961
1703 9962
1745 9963
1708 9964
1653 9965
1743 9966
1645 9967
1742 9968
1737 9969
1659 9970
1745 9971
1659 9972
1800 9973
1960 9974
2048 9975
7334 9976
1812 9977
1653 9978
1653 9979
1904 9980
1665 9981
1734 9982
1722 9983
1731 9984
1752 9985
1731 9986
1743 9987
1742 9988
1743 9989
1743 9990
1748 9991
1737 9992
1823 9993
1725 9994
1639 9995
1749 9996
2100 9997
2005 9998
6422 9999
