278821 0
21591 1
5534 2
4226 3
4071 4
3926 5
4053 6
4290 7
4117 8
4076 9
3878 10
4076 11
4357 12
3935 13
3545 14
3968 15
3753 16
4249 17
4085 18
4011 19
13755 20
4099 21
3959 22
4082 23
3719 24
3811 25
3615 26
3848 27
3748 28
3918 29
3664 30
3857 31
3638 32
3796 33
3918 34
3624 35
4050 36
3947 37
3762 38
3690 39
3666 40
3685 41
3785 42
3981 43
17480 44
4042 45
3721 46
3708 47
3738 48
3745 49
3719 50
3730 51
3707 52
3803 53
3814 54
3701 55
3739 56
3722 57
3713 58
3719 59
3669 60
3716 61
4048 62
3753 63
3652 64
3817 65
3892 66
3782 67
4180 68
9105 69
4036 70
3846 71
3944 72
3609 73
3672 74
3774 75
3586 76
3626 77
3771 78
3872 79
3834 80
3897 81
3855 82
3903 83
3996 84
3751 85
3828 86
4044 87
4048 88
3866 89
3728 90
4041 91
4227 92
9214 93
3846 94
3944 95
3695 96
3924 97
3999 98
3686 99
3993 100
4048 101
4117 102
4021 103
4039 104
3664 105
27096 106
4907 107
3791 108
3794 109
3690 110
3695 111
3661 112
3644 113
3704 114
3973 115
3941 116
10325 117
3823 118
3637 119
3645 120
3739 121
3882 122
3780 123
3675 124
3701 125
3656 126
26184 127
4382 128
4114 129
3823 130
3839 131
3783 132
4148 133
3696 134
3698 135
3783 136
3820 137
3889 138
3926 139
10943 140
3966 141
3633 142
4004 143
3906 144
3684 145
3800 146
3644 147
3883 148
3710 149
3794 150
3747 151
3964 152
3731 153
3845 154
3733 155
3627 156
3670 157
3658 158
3675 159
3727 160
3866 161
3935 162
9524 163
3938 164
3733 165
3782 166
3681 167
3638 168
3791 169
3741 170
3693 171
3742 172
3734 173
3787 174
3728 175
3730 176
3857 177
3754 178
3891 179
3714 180
3926 181
3727 182
3900 183
4227 184
4157 185
9152 186
4286 187
3737 188
4062 189
3817 190
4082 191
3889 192
4085 193
3773 194
3713 195
3831 196
3742 197
3878 198
3857 199
3823 200
3802 201
3826 202
3859 203
3843 204
3840 205
3771 206
3898 207
3935 208
4015 209
9376 210
3858 211
3946 212
3725 213
3644 214
3658 215
3739 216
3721 217
3667 218
3673 219
3712 220
3705 221
3690 222
3594 223
3670 224
3650 225
3863 226
3692 227
3820 228
3716 229
3733 230
3872 231
4114 232
9364 233
3907 234
3906 235
4177 236
3719 237
3742 238
3883 239
3797 240
3687 241
3880 242
3702 243
3929 244
3681 245
3730 246
3675 247
3737 248
3851 249
3736 250
3687 251
3687 252
3739 253
3935 254
66161 255
14142 256
4137 257
4036 258
3970 259
4027 260
3933 261
3736 262
3808 263
3871 264
3909 265
4141 266
4033 267
4019 268
3984 269
4076 270
3907 271
4192 272
3779 273
3964 274
3764 275
4005 276
4015 277
4103 278
9351 279
4840 280
4128 281
3719 282
3765 283
3693 284
4068 285
3828 286
4117 287
3840 288
3840 289
3923 290
4074 291
3742 292
3765 293
3966 294
3892 295
3768 296
3906 297
4089 298
3886 299
3735 300
4354 301
4244 302
14987 303
4374 304
3765 305
3724 306
4887 307
4262 308
4235 309
4137 310
4093 311
3846 312
3756 313
3765 314
3875 315
4111 316
4013 317
3883 318
3846 319
4223 320
19223 321
3799 322
3967 323
4128 324
4123 325
11488 326
4045 327
3773 328
3569 329
4048 330
3903 331
4163 332
3808 333
3823 334
4033 335
4062 336
3935 337
3644 338
3938 339
3796 340
3722 341
3742 342
3667 343
3880 344
4051 345
3747 346
3837 347
4319 348
9950 349
3955 350
3941 351
4169 352
4180 353
4186 354
3849 355
3817 356
3823 357
3958 358
3940 359
4002 360
3834 361
4050 362
4014 363
4056 364
3822 365
4005 366
4217 367
3765 368
4051 369
3791 370
4232 371
4134 372
9454 373
3831 374
4019 375
3805 376
3809 377
3802 378
3791 379
4140 380
3785 381
4002 382
17038 383
5507 384
3889 385
3884 386
3987 387
3822 388
4045 389
3808 390
3987 391
3820 392
3811 393
4053 394
4304 395
11893 396
3819 397
3768 398
3805 399
3722 400
3889 401
3776 402
3952 403
3898 404
4227 405
3932 406
3984 407
3834 408
3719 409
3990 410
3762 411
3756 412
4005 413
3900 414
3728 415
4185 416
3987 417
3866 418
9838 419
3918 420
3863 421
3990 422
3693 423
3984 424
3860 425
3779 426
3883 427
3843 428
3961 429
3895 430
3785 431
3730 432
3863 433
6861 434
3978 435
3981 436
4019 437
3739 438
3947 439
4027 440
4194 441
9735 442
4136 443
3895 444
4013 445
3693 446
3808 447
3964 448
4114 449
3987 450
56825 451
5262 452
3526 453
3592 454
4310 455
3927 456
3559 457
3731 458
3822 459
3716 460
3797 461
3606 462
3733 463
3658 464
3999 465
12365 466
3647 467
3606 468
3715 469
3734 470
3963 471
3693 472
3745 473
3560 474
3736 475
3638 476
3589 477
3730 478
3632 479
18793 480
4232 481
3609 482
3601 483
3649 484
3609 485
3809 486
4073 487
3956 488
11669 489
3988 490
3652 491
3571 492
3679 493
3736 494
3773 495
3976 496
3825 497
3704 498
3572 499
3846 500
3690 501
3713 502
3869 503
3617 504
3589 505
3566 506
4016 507
3606 508
4345 509
3912 510
3808 511
9881 512
4077 513
3943 514
3762 515
3638 516
3624 517
3606 518
3595 519
3808 520
3592 521
3614 522
3785 523
3624 524
3889 525
3900 526
3414 527
3406 528
3762 529
3621 530
3603 531
3531 532
3792 533
3756 534
9174 535
18934 536
4489 537
3557 538
3635 539
3627 540
3715 541
3592 542
3664 543
3450 544
3639 545
3724 546
3883 547
3682 548
3600 549
3557 550
3898 551
3551 552
3751 553
3638 554
3620 555
3624 556
3805 557
3629 558
22619 559
4044 560
3633 561
3649 562
3430 563
3667 564
3675 565
3725 566
3618 567
3533 568
3500 569
3670 570
3713 571
3571 572
3748 573
3537 574
3949 575
3618 576
3468 577
3615 578
3566 579
3759 580
4085 581
9884 582
3987 583
3695 584
3569 585
3762 586
3606 587
3566 588
3785 589
3543 590
3811 591
3670 592
3984 593
3759 594
3747 595
4019 596
3835 597
3658 598
3663 599
3589 600
3791 601
3728 602
3825 603
3938 604
9968 605
3765 606
3516 607
6569 608
3809 609
3623 610
3722 611
3678 612
3779 613
3889 614
3630 615
3808 616
3744 617
3861 618
3583 619
3626 620
3655 621
3722 622
3635 623
3848 624
3843 625
3630 626
3946 627
3768 628
13559 629
3665 630
3629 631
3669 632
3598 633
3728 634
3559 635
5286 636
3712 637
3589 638
3927 639
3693 640
3773 641
3528 642
3901 643
3773 644
3691 645
3681 646
3785 647
3635 648
3753 649
3780 650
4067 651
9743 652
3736 653
3860 654
3644 655
3897 656
3854 657
3734 658
3600 659
3652 660
3578 661
3727 662
3601 663
3776 664
3826 665
3897 666
3814 667
3760 668
3655 669
3574 670
3528 671
3630 672
3773 673
4114 674
9685 675
3909 676
3477 677
3485 678
3742 679
3629 680
3603 681
3543 682
3505 683
3592 684
3620 685
3751 686
3612 687
3600 688
3751 689
3768 690
3439 691
3548 692
3765 693
3739 694
3840 695
3704 696
3589 697
9503 698
4206 699
3601 700
3580 701
3770 702
3892 703
3866 704
3665 705
3588 706
3641 707
3670 708
3739 709
3609 710
3485 711
3623 712
3777 713
3759 714
3834 715
3759 716
9093 717
3480 718
1959 719
2126 720
2337 721
7374 722
1892 723
1962 724
2083 725
1921 726
1925 727
2051 728
1936 729
1855 730
1938 731
1910 732
2017 733
1849 734
2025 735
1916 736
2077 737
1746 738
1927 739
1921 740
1925 741
1907 742
2016 743
2164 744
6976 745
2105 746
2031 747
1916 748
2135 749
1939 750
1892 751
1916 752
1852 753
1817 754
1778 755
1921 756
1898 757
1945 758
1875 759
1939 760
1973 761
1881 762
1927 763
1960 764
2166 765
1990 766
2245 767
14272 768
2039 769
1951 770
1976 771
1947 772
1965 773
1970 774
1931 775
1797 776
2048 777
1890 778
1953 779
1829 780
2072 781
2045 782
1895 783
2031 784
1957 785
1924 786
1852 787
1930 788
2123 789
2106 790
6988 791
2441 792
1955 793
1933 794
1887 795
1846 796
2081 797
2022 798
1944 799
1925 800
1956 801
1935 802
1965 803
1904 804
1970 805
1939 806
1835 807
1927 808
2107 809
1912 810
1993 811
1919 812
2100 813
2167 814
6872 815
1913 816
1927 817
1912 818
1954 819
1826 820
1944 821
1853 822
2002 823
16381 824
2227 825
2039 826
1951 827
1982 828
1947 829
1907 830
1950 831
1976 832
2000 833
1921 834
1919 835
2034 836
2132 837
8992 838
2175 839
1899 840
1909 841
1939 842
1927 843
1896 844
1950 845
1976 846
1913 847
2115 848
2039 849
1924 850
1928 851
1857 852
1922 853
2048 854
1916 855
1892 856
1893 857
1881 858
1930 859
2305 860
7392 861
1944 862
1892 863
1916 864
1922 865
1898 866
1915 867
1804 868
1938 869
1797 870
1789 871
1887 872
1927 873
1896 874
1990 875
1907 876
2017 877
1939 878
1901 879
1901 880
1895 881
1910 882
2089 883
2227 884
7233 885
2008 886
1803 887
1792 888
1921 889
1858 890
1927 891
1852 892
1864 893
1915 894
1838 895
1956 896
1919 897
1947 898
1915 899
1830 900
2091 901
1890 902
1970 903
1896 904
1832 905
2051 906
2149 907
7143 908
1919 909
2002 910
1869 911
1928 912
2042 913
1910 914
1936 915
1826 916
2213 917
1922 918
1883 919
76515 920
3699 921
2060 922
1956 923
2094 924
1945 925
1892 926
1798 927
1901 928
2132 929
2071 930
8759 931
1947 932
1922 933
2054 934
1918 935
2081 936
1904 937
1907 938
2287 939
2008 940
1904 941
1916 942
1933 943
1789 944
1901 945
1924 946
1904 947
1858 948
1892 949
1977 950
1777 951
2100 952
2204 953
10083 954
2049 955
1901 956
1927 957
1872 958
1956 959
1922 960
1881 961
1892 962
1968 963
1904 964
1907 965
2074 966
1927 967
1962 968
1933 969
1890 970
1904 971
1898 972
1910 973
2120 974
1959 975
2141 976
6817 977
2265 978
1895 979
1921 980
1893 981
2019 982
1908 983
1846 984
1930 985
1950 986
1821 987
1947 988
1968 989
1958 990
1951 991
1915 992
1899 993
1947 994
1910 995
1933 996
1898 997
1953 998
2158 999
2097 1000
7250 1001
2043 1002
2037 1003
1866 1004
1916 1005
2086 1006
1878 1007
1872 1008
1959 1009
1939 1010
1959 1011
1956 1012
1953 1013
2040 1014
1907 1015
1912 1016
1916 1017
1962 1018
1938 1019
1916 1020
1907 1021
2048 1022
2133 1023
7194 1024
1994 1025
2080 1026
1993 1027
1988 1028
1965 1029
1944 1030
1927 1031
1954 1032
1970 1033
1861 1034
1945 1035
1878 1036
1863 1037
1881 1038
1945 1039
1820 1040
2040 1041
2241 1042
2017 1043
1838 1044
1950 1045
2239 1046
7212 1047
2100 1048
1957 1049
2045 1050
1985 1051
1959 1052
1779 1053
1971 1054
1930 1055
1965 1056
1808 1057
1844 1058
1945 1059
1958 1060
1942 1061
1942 1062
1932 1063
1951 1064
1898 1065
1916 1066
1924 1067
1852 1068
2078 1069
6903 1070
2311 1071
1950 1072
1933 1073
1922 1074
1984 1075
1916 1076
1922 1077
2123 1078
1973 1079
1916 1080
1893 1081
1921 1082
1881 1083
1927 1084
1881 1085
1901 1086
1915 1087
1902 1088
1907 1089
1918 1090
1887 1091
2071 1092
2141 1093
6904 1094
2181 1095
1901 1096
1953 1097
1904 1098
1976 1099
1893 1100
1904 1101
1933 1102
1921 1103
2005 1104
1927 1105
1962 1106
1919 1107
1916 1108
1892 1109
2017 1110
1936 1111
1895 1112
1927 1113
1907 1114
2040 1115
2155 1116
7480 1117
2064 1118
1938 1119
1927 1120
1916 1121
1916 1122
1929 1123
1902 1124
1924 1125
2097 1126
1939 1127
1922 1128
1906 1129
2017 1130
1962 1131
1939 1132
1938 1133
1928 1134
1918 1135
1918 1136
1910 1137
1956 1138
2158 1139
7207 1140
2114 1141
1913 1142
1930 1143
1902 1144
1918 1145
1921 1146
1896 1147
1916 1148
1872 1149
1904 1150
2042 1151
1907 1152
1936 1153
1950 1154
1927 1155
1942 1156
1922 1157
1964 1158
1916 1159
1907 1160
1935 1161
2158 1162
2144 1163
6982 1164
2008 1165
1898 1166
2143 1167
1904 1168
1896 1169
1910 1170
1907 1171
1915 1172
1907 1173
1971 1174
2109 1175
1916 1176
1985 1177
2134 1178
1933 1179
1890 1180
1936 1181
1927 1182
1921 1183
1922 1184
2013 1185
2337 1186
6961 1187
1907 1188
1922 1189
1910 1190
2071 1191
1826 1192
1902 1193
1904 1194
1932 1195
1939 1196
2003 1197
1909 1198
2086 1199
1936 1200
1921 1201
1950 1202
1899 1203
1910 1204
1889 1205
2000 1206
1947 1207
1982 1208
2124 1209
7148 1210
2063 1211
1924 1212
1939 1213
1907 1214
2115 1215
1887 1216
1938 1217
1951 1218
1915 1219
1927 1220
1939 1221
1939 1222
2091 1223
1925 1224
1929 1225
2121 1226
1927 1227
1893 1228
1939 1229
1915 1230
1973 1231
2158 1232
7432 1233
2106 1234
1922 1235
1918 1236
1915 1237
17446 1238
2054 1239
1956 1240
1904 1241
1945 1242
1892 1243
1951 1244
1927 1245
1941 1246
1936 1247
1927 1248
1918 1249
2052 1250
1886 1251
1994 1252
1901 1253
1905 1254
2071 1255
2152 1256
8326 1257
2141 1258
1915 1259
1928 1260
1915 1261
1918 1262
1930 1263
1957 1264
1904 1265
2065 1266
1905 1267
1904 1268
1944 1269
1922 1270
1918 1271
1915 1272
1983 1273
1929 1274
1925 1275
1927 1276
1927 1277
2031 1278
2158 1279
9662 1280
1987 1281
1922 1282
1950 1283
2078 1284
1918 1285
1959 1286
1930 1287
2005 1288
1939 1289
1938 1290
1905 1291
1921 1292
1933 1293
1964 1294
1925 1295
1918 1296
1913 1297
1930 1298
1936 1299
1939 1300
2077 1301
2149 1302
8167 1303
1974 1304
1938 1305
1916 1306
1916 1307
1898 1308
1933 1309
1927 1310
1939 1311
1996 1312
1933 1313
1898 1314
1898 1315
1939 1316
1916 1317
1921 1318
1953 1319
2066 1320
1948 1321
1895 1322
1964 1323
1991 1324
2095 1325
6704 1326
2268 1327
2054 1328
1930 1329
12371 1330
2605 1331
2025 1332
1927 1333
1922 1334
1939 1335
1881 1336
1909 1337
2124 1338
1887 1339
1927 1340
1886 1341
1887 1342
1881 1343
1910 1344
1881 1345
1901 1346
1925 1347
2111 1348
2314 1349
7461 1350
1938 1351
1930 1352
1902 1353
1996 1354
1895 1355
1913 1356
1941 1357
1904 1358
1916 1359
1919 1360
1910 1361
2059 1362
1957 1363
1961 1364
1919 1365
1927 1366
1936 1367
1895 1368
1896 1369
2108 1370
2081 1371
2106 1372
6866 1373
2325 1374
1936 1375
5920 1376
2363 1377
1950 1378
1964 1379
1960 1380
1837 1381
1933 1382
1910 1383
2115 1384
1904 1385
1933 1386
2126 1387
1953 1388
1910 1389
1918 1390
1939 1391
1936 1392
1904 1393
1976 1394
2271 1395
20861 1396
2233 1397
1971 1398
1932 1399
1968 1400
2020 1401
1915 1402
1985 1403
1953 1404
1959 1405
1950 1406
1953 1407
1973 1408
1902 1409
1962 1410
1950 1411
1944 1412
1927 1413
1913 1414
1925 1415
2056 1416
1983 1417
2169 1418
7409 1419
2206 1420
1960 1421
1973 1422
1944 1423
2049 1424
1918 1425
1930 1426
1910 1427
1916 1428
1918 1429
1953 1430
1947 1431
2023 1432
1915 1433
1916 1434
2028 1435
1936 1436
1904 1437
1916 1438
1950 1439
1907 1440
2074 1441
2164 1442
6676 1443
2071 1444
1956 1445
1916 1446
1893 1447
1921 1448
1921 1449
1910 1450
2025 1451
1824 1452
1927 1453
1956 1454
1944 1455
2083 1456
1959 1457
1936 1458
1927 1459
2126 1460
1936 1461
1939 1462
2089 1463
2033 1464
2109 1465
6838 1466
1973 1467
1993 1468
1927 1469
1902 1470
1927 1471
1976 1472
1913 1473
1918 1474
1925 1475
1973 1476
1930 1477
1936 1478
1953 1479
1948 1480
1892 1481
1941 1482
1879 1483
1904 1484
1941 1485
1925 1486
2252 1487
2179 1488
14350 1489
2215 1490
1927 1491
2098 1492
1947 1493
1945 1494
1956 1495
1933 1496
1921 1497
1893 1498
1915 1499
2095 1500
1904 1501
1956 1502
1956 1503
15042 1504
2227 1505
1933 1506
2005 1507
1999 1508
1945 1509
2008 1510
2137 1511
8531 1512
2349 1513
1990 1514
1922 1515
1974 1516
1927 1517
1906 1518
1925 1519
2042 1520
1939 1521
1927 1522
1933 1523
1916 1524
1921 1525
2008 1526
1907 1527
2034 1528
1970 1529
1907 1530
2095 1531
1910 1532
1930 1533
2105 1534
2138 1535
7709 1536
2014 1537
1950 1538
1921 1539
2107 1540
1929 1541
1937 1542
1927 1543
1927 1544
1932 1545
1948 1546
1924 1547
1939 1548
1921 1549
1924 1550
1994 1551
1927 1552
1965 1553
1913 1554
2100 1555
1916 1556
2031 1557
2117 1558
7059 1559
2110 1560
1938 1561
1905 1562
1906 1563
2075 1564
1929 1565
1942 1566
2097 1567
1939 1568
1904 1569
1916 1570
1904 1571
1913 1572
1927 1573
1927 1574
1928 1575
1984 1576
1951 1577
1915 1578
1950 1579
2020 1580
2221 1581
7316 1582
2285 1583
1904 1584
1934 1585
1938 1586
1965 1587
1936 1588
1952 1589
1931 1590
1956 1591
1956 1592
1935 1593
1942 1594
2097 1595
1907 1596
1904 1597
1899 1598
1910 1599
1921 1600
1974 1601
1924 1602
2094 1603
2126 1604
2141 1605
9673 1606
2000 1607
1910 1608
1921 1609
1991 1610
1892 1611
1927 1612
1951 1613
1944 1614
1939 1615
1924 1616
1901 1617
2135 1618
1964 1619
1928 1620
2063 1621
1950 1622
1933 1623
1898 1624
1916 1625
1916 1626
2031 1627
2125 1628
6924 1629
1937 1630
1915 1631
1916 1632
1932 1633
1913 1634
1890 1635
1904 1636
1898 1637
2100 1638
1888 1639
1898 1640
1927 1641
1915 1642
1945 1643
1898 1644
1922 1645
2100 1646
1941 1647
1925 1648
1944 1649
2054 1650
2210 1651
7134 1652
2164 1653
1979 1654
1954 1655
1892 1656
1910 1657
2097 1658
1922 1659
1881 1660
60172 1661
4287 1662
1956 1663
1794 1664
1982 1665
1783 1666
1792 1667
1823 1668
1795 1669
1800 1670
1768 1671
1798 1672
2123 1673
2025 1674
9850 1675
2148 1676
1810 1677
1788 1678
1806 1679
1795 1680
1800 1681
1887 1682
1765 1683
1763 1684
1800 1685
1775 1686
1765 1687
1809 1688
1792 1689
1733 1690
1766 1691
1745 1692
1853 1693
1782 1694
1766 1695
1783 1696
2077 1697
2022 1698
6968 1699
1840 1700
1783 1701
1754 1702
1766 1703
1757 1704
1751 1705
1794 1706
1784 1707
1754 1708
1765 1709
1777 1710
1791 1711
1766 1712
1775 1713
1777 1714
1964 1715
1798 1716
1766 1717
1779 1718
1838 1719
1924 1720
2006 1721
6912 1722
1840 1723
1766 1724
1815 1725
1774 1726
1809 1727
1774 1728
1768 1729
1801 1730
1809 1731
1748 1732
1765 1733
1789 1734
1774 1735
1810 1736
1768 1737
1768 1738
1772 1739
1766 1740
1863 1741
1797 1742
1844 1743
1987 1744
7213 1745
1996 1746
222394 1747
4397 1748
1939 1749
1779 1750
1729 1751
1754 1752
1710 1753
1764 1754
1696 1755
1768 1756
1745 1757
1761 1758
1863 1759
1737 1760
1731 1761
1731 1762
1731 1763
1731 1764
1736 1765
1818 1766
1951 1767
10642 1768
2011 1769
1725 1770
1754 1771
1748 1772
1870 1773
1765 1774
1890 1775
1728 1776
1734 1777
1731 1778
1751 1779
1725 1780
1697 1781
1737 1782
1765 1783
1745 1784
1775 1785
1713 1786
1737 1787
1720 1788
1803 1789
1924 1790
6901 1791
2285 1792
1789 1793
1745 1794
1740 1795
1713 1796
1922 1797
1731 1798
1745 1799
1742 1800
1683 1801
1736 1802
1696 1803
1688 1804
1734 1805
1725 1806
1726 1807
1722 1808
1717 1809
1817 1810
1714 1811
1696 1812
1916 1813
2112 1814
6638 1815
1786 1816
1742 1817
1731 1818
1722 1819
1740 1820
1737 1821
1719 1822
1737 1823
1861 1824
1731 1825
1722 1826
1728 1827
1916 1828
1742 1829
1746 1830
1716 1831
1694 1832
1708 1833
1722 1834
1751 1835
1818 1836
1933 1837
6589 1838
1904 1839
1725 1840
1703 1841
1698 1842
1697 1843
1717 1844
1722 1845
1708 1846
1728 1847
1685 1848
1722 1849
1719 1850
1913 1851
1720 1852
1719 1853
1714 1854
1708 1855
1702 1856
1687 1857
1746 1858
1843 1859
1994 1860
6791 1861
1890 1862
1754 1863
1728 1864
1702 1865
1691 1866
1702 1867
1748 1868
1743 1869
1696 1870
1722 1871
1731 1872
1717 1873
1708 1874
1743 1875
1719 1876
1699 1877
1884 1878
1679 1879
1679 1880
1708 1881
1696 1882
1945 1883
1939 1884
10662 1885
1829 1886
1749 1887
1702 1888
1719 1889
1685 1890
1705 1891
1740 1892
1719 1893
1835 1894
1720 1895
1678 1896
1726 1897
1733 1898
1697 1899
1740 1900
1742 1901
1737 1902
1872 1903
1700 1904
1710 1905
1832 1906
1921 1907
6550 1908
1835 1909
1724 1910
1728 1911
1720 1912
1722 1913
1749 1914
1722 1915
1734 1916
1777 1917
1714 1918
1719 1919
1745 1920
1907 1921
1766 1922
1749 1923
1742 1924
1720 1925
1736 1926
1749 1927
1687 1928
1826 1929
1957 1930
6467 1931
1910 1932
1755 1933
1756 1934
1717 1935
1757 1936
1809 1937
1745 1938
1763 1939
1754 1940
1812 1941
1745 1942
1800 1943
1752 1944
1731 1945
1733 1946
1746 1947
1843 1948
1740 1949
1743 1950
1719 1951
1927 1952
1950 1953
6417 1954
1978 1955
1760 1956
1748 1957
1703 1958
1754 1959
1710 1960
1743 1961
1927 1962
1722 1963
1755 1964
1748 1965
1904 1966
1740 1967
1780 1968
1742 1969
1754 1970
1755 1971
1742 1972
1731 1973
1748 1974
1743 1975
1898 1976
1950 1977
6947 1978
1789 1979
1863 1980
1766 1981
1714 1982
1713 1983
1905 1984
1719 1985
1731 1986
1760 1987
1757 1988
1731 1989
1754 1990
1742 1991
1757 1992
1760 1993
1766 1994
1754 1995
1745 1996
1786 1997
1737 1998
1829 1999
1953 2000
7475 2001
1835 2002
1722 2003
1711 2004
1748 2005
2002 2006
1740 2007
1754 2008
1768 2009
1743 2010
1754 2011
1743 2012
1921 2013
1697 2014
21371 2015
2115 2016
1745 2017
1740 2018
1740 2019
1869 2020
1711 2021
1797 2022
1942 2023
8211 2024
1874 2025
1720 2026
1734 2027
1737 2028
1725 2029
1716 2030
1723 2031
1716 2032
1723 2033
1725 2034
1720 2035
1684 2036
1697 2037
1742 2038
1711 2039
1728 2040
1702 2041
1737 2042
1690 2043
1737 2044
1905 2045
2082 2046
6538 2047
2160 2048
1800 2049
1708 2050
1717 2051
1711 2052
1728 2053
1731 2054
1708 2055
1860 2056
1729 2057
1719 2058
1725 2059
1714 2060
1745 2061
1729 2062
1722 2063
1717 2064
1713 2065
1691 2066
1731 2067
1731 2068
1906 2069
1948 2070
6699 2071
1852 2072
1789 2073
1722 2074
1728 2075
1731 2076
1702 2077
1726 2078
1736 2079
1717 2080
1717 2081
1731 2082
1860 2083
1740 2084
1725 2085
1702 2086
1725 2087
1714 2088
1743 2089
1742 2090
1743 2091
1835 2092
1950 2093
7212 2094
1901 2095
1746 2096
1708 2097
1759 2098
1703 2099
1719 2100
1858 2101
1743 2102
1713 2103
1740 2104
1705 2105
1708 2106
1722 2107
1772 2108
1734 2109
1768 2110
1682 2111
1690 2112
1705 2113
1731 2114
1743 2115
1936 2116
6828 2117
1936 2118
1717 2119
1728 2120
1725 2121
1702 2122
1697 2123
1687 2124
1711 2125
1714 2126
1722 2127
1731 2128
1696 2129
1729 2130
1733 2131
1711 2132
1714 2133
1720 2134
1731 2135
1713 2136
1691 2137
1679 2138
1933 2139
1999 2140
6681 2141
1821 2142
1699 2143
1717 2144
1702 2145
1705 2146
1710 2147
1740 2148
1729 2149
1690 2150
1742 2151
1726 2152
1725 2153
1728 2154
1786 2155
1699 2156
1745 2157
1703 2158
1814 2159
1717 2160
1774 2161
1797 2162
1971 2163
13706 2164
1864 2165
1725 2166
1697 2167
1713 2168
1714 2169
1696 2170
1722 2171
1734 2172
1703 2173
1895 2174
1731 2175
1708 2176
1696 2177
1879 2178
1719 2179
1719 2180
1731 2181
1708 2182
1711 2183
1728 2184
1824 2185
1927 2186
6462 2187
2077 2188
1708 2189
1708 2190
1725 2191
1725 2192
1720 2193
1713 2194
1731 2195
1720 2196
1708 2197
1690 2198
1685 2199
1708 2200
1800 2201
1734 2202
1705 2203
1725 2204
1726 2205
1710 2206
1717 2207
1794 2208
1922 2209
8507 2210
2040 2211
1766 2212
1708 2213
1823 2214
1722 2215
1706 2216
1719 2217
1696 2218
1722 2219
1729 2220
1719 2221
1720 2222
1701 2223
1749 2224
1722 2225
1729 2226
1765 2227
1722 2228
1717 2229
1722 2230
1717 2231
2025 2232
1904 2233
6618 2234
1838 2235
1734 2236
1774 2237
1728 2238
1748 2239
1726 2240
1976 2241
1710 2242
1720 2243
1702 2244
1849 2245
1729 2246
1708 2247
1713 2248
1716 2249
1694 2250
1697 2251
1725 2252
1731 2253
1714 2254
1834 2255
1928 2256
6797 2257
1802 2258
1752 2259
1725 2260
1702 2261
1711 2262
1728 2263
1731 2264
1708 2265
1719 2266
1743 2267
1742 2268
1708 2269
1702 2270
1731 2271
1717 2272
1684 2273
1717 2274
1731 2275
1722 2276
1723 2277
1739 2278
1925 2279
6895 2280
1898 2281
1731 2282
1766 2283
1731 2284
1733 2285
1694 2286
1702 2287
1720 2288
1716 2289
1711 2290
1739 2291
1740 2292
1743 2293
1745 2294
1879 2295
1733 2296
1705 2297
1714 2298
1725 2299
1720 2300
1791 2301
1902 2302
6416 2303
2137 2304
1740 2305
1702 2306
1685 2307
1696 2308
1846 2309
1694 2310
1688 2311
1714 2312
1698 2313
1706 2314
1710 2315
1723 2316
1691 2317
1678 2318
1703 2319
1699 2320
1705 2321
1687 2322
1717 2323
1697 2324
1863 2325
1913 2326
6324 2327
1927 2328
1731 2329
1717 2330
1719 2331
1713 2332
1703 2333
1742 2334
1731 2335
1720 2336
1708 2337
1733 2338
1743 2339
1751 2340
1745 2341
1717 2342
1734 2343
1722 2344
1899 2345
1725 2346
1719 2347
1876 2348
2125 2349
6567 2350
1872 2351
1720 2352
1748 2353
10865 2354
2221 2355
1864 2356
1708 2357
1716 2358
1720 2359
1728 2360
1725 2361
1878 2362
1708 2363
1711 2364
1737 2365
1725 2366
1742 2367
1751 2368
1708 2369
1708 2370
1786 2371
1933 2372
7126 2373
1870 2374
1731 2375
1858 2376
1721 2377
1706 2378
1713 2379
1731 2380
1726 2381
1863 2382
1743 2383
1702 2384
1722 2385
1752 2386
1745 2387
1717 2388
1725 2389
1714 2390
1698 2391
1720 2392
1855 2393
1737 2394
1912 2395
1939 2396
6402 2397
1826 2398
1719 2399
4720 2400
2124 2401
1751 2402
1714 2403
1731 2404
1760 2405
1731 2406
1733 2407
1729 2408
1733 2409
1708 2410
1752 2411
1736 2412
1691 2413
1837 2414
1723 2415
1704 2416
1706 2417
2066 2418
1927 2419
7711 2420
1789 2421
1705 2422
1794 2423
1708 2424
1691 2425
1696 2426
1711 2427
1688 2428
1719 2429
1728 2430
1694 2431
1719 2432
1697 2433
1742 2434
1720 2435
1851 2436
1738 2437
1707 2438
1699 2439
1706 2440
1835 2441
1927 2442
6624 2443
1883 2444
1729 2445
1768 2446
1717 2447
1708 2448
1684 2449
1708 2450
1748 2451
1720 2452
1714 2453
1733 2454
1740 2455
1725 2456
1726 2457
1731 2458
1731 2459
1719 2460
1708 2461
1719 2462
1714 2463
1760 2464
1932 2465
6867 2466
2002 2467
1734 2468
1742 2469
1711 2470
1714 2471
1685 2472
1817 2473
1703 2474
1719 2475
1733 2476
1674 2477
1696 2478
1699 2479
1705 2480
1700 2481
1684 2482
1703 2483
1702 2484
1708 2485
1725 2486
1702 2487
1866 2488
1937 2489
6427 2490
1803 2491
1711 2492
1714 2493
1710 2494
1711 2495
1749 2496
1719 2497
1745 2498
1717 2499
1722 2500
14529 2501
3292 2502
1832 2503
1797 2504
1783 2505
1719 2506
1754 2507
1726 2508
1927 2509
1714 2510
1864 2511
1918 2512
7787 2513
1938 2514
1743 2515
1696 2516
1731 2517
1710 2518
1723 2519
1737 2520
1731 2521
1733 2522
1720 2523
1719 2524
1706 2525
1725 2526
1762 2527
13704 2528
2317 2529
1748 2530
1731 2531
1711 2532
1731 2533
1780 2534
1938 2535
11108 2536
1976 2537
1717 2538
1710 2539
1728 2540
1711 2541
1722 2542
1726 2543
1759 2544
1714 2545
1699 2546
1700 2547
1725 2548
1710 2549
1740 2550
1685 2551
1691 2552
1725 2553
1720 2554
1724 2555
1738 2556
1791 2557
1901 2558
6324 2559
2066 2560
1736 2561
1714 2562
1697 2563
1696 2564
134924 2565
4244 2566
1907 2567
1722 2568
1717 2569
1789 2570
1759 2571
1708 2572
1740 2573
1725 2574
1740 2575
1727 2576
1743 2577
1729 2578
1929 2579
1763 2580
1916 2581
10905 2582
2320 2583
1777 2584
1662 2585
1779 2586
1673 2587
1688 2588
1674 2589
1702 2590
1685 2591
1667 2592
1659 2593
1722 2594
1673 2595
1691 2596
1674 2597
1661 2598
1662 2599
1659 2600
1659 2601
1656 2602
1667 2603
1968 2604
1987 2605
6783 2606
1800 2607
1688 2608
1717 2609
1708 2610
1687 2611
1671 2612
1675 2613
1734 2614
1691 2615
1725 2616
1708 2617
1878 2618
1717 2619
1734 2620
1707 2621
1694 2622
1734 2623
1728 2624
1688 2625
1696 2626
1803 2627
1947 2628
7083 2629
1872 2630
1688 2631
1703 2632
1684 2633
1697 2634
1685 2635
1710 2636
1696 2637
1694 2638
1697 2639
1687 2640
1685 2641
1682 2642
1676 2643
1699 2644
1818 2645
1690 2646
1703 2647
1679 2648
1679 2649
1710 2650
1939 2651
6991 2652
1858 2653
1661 2654
1745 2655
1677 2656
1670 2657
1699 2658
1680 2659
1655 2660
1697 2661
1681 2662
1734 2663
1703 2664
1685 2665
1702 2666
1679 2667
1814 2668
1717 2669
1690 2670
1720 2671
1696 2672
1720 2673
1938 2674
1959 2675
6645 2676
1759 2677
1806 2678
1708 2679
1708 2680
1697 2681
1696 2682
1713 2683
1720 2684
1682 2685
1676 2686
1693 2687
1685 2688
1699 2689
1714 2690
1714 2691
1714 2692
1713 2693
1694 2694
1670 2695
1676 2696
1844 2697
1916 2698
6866 2699
1812 2700
1722 2701
1710 2702
1674 2703
1685 2704
1679 2705
1687 2706
1706 2707
1708 2708
1698 2709
1694 2710
1691 2711
1690 2712
1720 2713
1748 2714
1679 2715
1720 2716
1708 2717
1708 2718
1673 2719
1817 2720
1927 2721
7196 2722
1875 2723
1693 2724
1691 2725
1699 2726
1697 2727
1744 2728
1706 2729
1719 2730
1691 2731
1725 2732
1690 2733
1691 2734
1685 2735
1737 2736
1691 2737
1687 2738
1688 2739
1693 2740
1688 2741
1682 2742
1751 2743
1921 2744
6376 2745
2020 2746
1725 2747
1685 2748
1684 2749
1694 2750
1676 2751
1682 2752
1705 2753
1668 2754
1690 2755
1685 2756
1685 2757
1676 2758
1708 2759
1844 2760
1722 2761
1676 2762
1691 2763
1702 2764
1702 2765
1676 2766
1878 2767
1904 2768
6590 2769
1835 2770
1696 2771
1673 2772
1676 2773
1676 2774
1670 2775
1694 2776
1708 2777
1688 2778
1731 2779
1707 2780
1706 2781
1708 2782
1708 2783
1687 2784
1711 2785
1708 2786
1708 2787
1679 2788
1685 2789
1939 2790
1941 2791
6800 2792
1835 2793
1661 2794
1697 2795
1702 2796
1702 2797
1702 2798
1691 2799
1696 2800
1693 2801
1683 2802
1685 2803
1708 2804
1707 2805
1734 2806
1694 2807
1673 2808
1673 2809
1699 2810
1683 2811
1696 2812
1742 2813
1928 2814
9693 2815
1849 2816
1688 2817
1673 2818
1726 2819
1710 2820
1740 2821
1699 2822
1694 2823
1699 2824
1687 2825
1682 2826
1729 2827
1702 2828
1719 2829
1691 2830
1710 2831
1870 2832
1719 2833
1683 2834
1684 2835
1734 2836
1918 2837
13381 2838
2158 2839
1690 2840
1674 2841
1881 2842
1696 2843
1656 2844
1662 2845
1708 2846
1676 2847
1696 2848
1706 2849
1684 2850
1688 2851
1682 2852
1664 2853
1685 2854
1671 2855
1667 2856
1668 2857
1676 2858
1682 2859
1846 2860
1893 2861
6638 2862
1788 2863
1685 2864
1677 2865
1691 2866
1673 2867
1679 2868
1693 2869
1696 2870
1683 2871
1696 2872
1656 2873
1696 2874
1714 2875
1713 2876
1697 2877
1696 2878
1703 2879
1687 2880
1682 2881
1685 2882
1835 2883
1941 2884
6356 2885
1840 2886
1697 2887
1673 2888
1656 2889
1697 2890
1684 2891
1679 2892
1682 2893
1688 2894
1702 2895
1685 2896
1713 2897
1714 2898
1720 2899
1696 2900
1725 2901
1714 2902
1714 2903
1679 2904
1702 2905
1719 2906
1922 2907
6883 2908
1876 2909
1851 2910
1714 2911
1699 2912
1700 2913
1693 2914
1688 2915
1682 2916
1676 2917
1714 2918
1696 2919
1676 2920
1705 2921
21005 2922
2300 2923
1786 2924
1754 2925
1765 2926
1752 2927
1748 2928
1725 2929
1953 2930
1959 2931
7767 2932
1800 2933
1886 2934
1749 2935
1766 2936
1742 2937
1731 2938
1731 2939
1777 2940
1743 2941
1756 2942
1746 2943
1737 2944
1742 2945
1766 2946
1725 2947
1889 2948
1743 2949
1740 2950
1731 2951
1725 2952
1843 2953
1971 2954
6624 2955
1858 2956
1719 2957
1734 2958
1728 2959
1893 2960
1731 2961
1791 2962
1743 2963
1757 2964
1751 2965
1745 2966
1749 2967
1777 2968
1748 2969
1743 2970
1751 2971
1676 2972
1739 2973
1717 2974
1745 2975
1985 2976
1948 2977
6837 2978
1876 2979
1701 2980
1772 2981
1722 2982
1752 2983
1742 2984
1754 2985
1754 2986
1754 2987
1731 2988
1766 2989
1754 2990
1771 2991
1751 2992
1902 2993
1742 2994
1777 2995
1778 2996
1898 2997
1748 2998
1789 2999
1950 3000
6629 3001
2063 3002
1766 3003
1748 3004
1740 3005
1739 3006
1763 3007
1714 3008
1737 3009
1754 3010
1731 3011
1745 3012
1731 3013
1728 3014
1766 3015
1742 3016
1755 3017
1719 3018
1719 3019
1731 3020
1734 3021
1708 3022
1924 3023
1951 3024
6814 3025
1823 3026
1731 3027
1769 3028
1751 3029
1728 3030
1740 3031
1794 3032
1760 3033
1817 3034
1740 3035
1788 3036
1740 3037
1772 3038
1748 3039
1771 3040
1740 3041
1872 3042
1728 3043
1752 3044
1754 3045
1973 3046
1956 3047
6711 3048
1834 3049
1766 3050
1754 3051
1720 3052
1731 3053
1768 3054
1774 3055
1743 3056
1725 3057
1742 3058
1760 3059
1872 3060
1752 3061
1736 3062
1749 3063
1742 3064
1745 3065
1764 3066
1731 3067
1731 3068
1765 3069
1953 3070
7281 3071
1919 3072
1737 3073
1720 3074
1745 3075
1705 3076
1766 3077
1759 3078
1726 3079
1722 3080
1768 3081
1749 3082
1759 3083
1740 3084
1731 3085
1740 3086
1748 3087
1748 3088
1766 3089
1725 3090
1716 3091
1778 3092
1924 3093
6532 3094
2123 3095
1722 3096
1740 3097
1734 3098
1693 3099
1737 3100
1737 3101
1743 3102
1710 3103
1717 3104
1892 3105
1743 3106
1713 3107
1737 3108
1722 3109
1729 3110
1699 3111
1687 3112
1717 3113
1699 3114
1720 3115
1875 3116
1933 3117
6699 3118
1872 3119
1855 3120
1731 3121
1720 3122
2703 3123
1774 3124
1737 3125
1731 3126
1927 3127
1728 3128
1728 3129
1734 3130
1740 3131
1725 3132
1708 3133
1714 3134
1745 3135
1731 3136
1797 3137
1731 3138
1916 3139
1921 3140
8846 3141
1863 3142
1760 3143
1944 3144
1772 3145
1731 3146
1745 3147
1890 3148
1743 3149
1791 3150
1775 3151
1748 3152
1771 3153
1720 3154
1745 3155
1803 3156
1725 3157
1812 3158
1745 3159
1798 3160
1765 3161
1895 3162
1948 3163
6982 3164
1916 3165
1898 3166
1737 3167
1721 3168
1766 3169
1879 3170
1765 3171
1720 3172
1756 3173
1752 3174
1765 3175
1757 3176
1763 3177
1743 3178
1901 3179
1768 3180
1743 3181
1710 3182
1740 3183
1791 3184
1787 3185
1938 3186
6405 3187
2100 3188
1774 3189
1734 3190
1731 3191
1737 3192
1742 3193
1737 3194
1757 3195
1745 3196
1743 3197
1737 3198
1875 3199
1751 3200
2011 3201
1760 3202
1748 3203
1783 3204
1757 3205
1751 3206
1734 3207
1740 3208
1915 3209
1953 3210
6324 3211
1844 3212
1745 3213
1775 3214
1759 3215
1749 3216
1722 3217
1731 3218
1740 3219
1759 3220
1749 3221
1754 3222
1837 3223
1757 3224
1737 3225
1797 3226
1789 3227
1771 3228
1754 3229
1734 3230
1769 3231
2043 3232
1990 3233
6961 3234
1980 3235
1756 3236
1847 3237
1708 3238
1783 3239
1771 3240
1699 3241
1789 3242
1809 3243
1757 3244
1861 3245
1782 3246
1812 3247
1812 3248
1777 3249
1795 3250
1771 3251
1777 3252
1792 3253
1768 3254
1783 3255
1973 3256
7213 3257
1915 3258
1847 3259
1809 3260
1814 3261
1743 3262
1953 3263
1757 3264
1743 3265
1716 3266
1751 3267
1734 3268
1734 3269
1713 3270
1749 3271
1777 3272
1771 3273
1729 3274
1803 3275
1820 3276
1774 3277
1748 3278
1985 3279
2037 3280
6774 3281
1829 3282
1766 3283
1745 3284
1821 3285
1754 3286
1765 3287
1780 3288
1740 3289
1731 3290
1772 3291
1748 3292
1730 3293
1789 3294
1731 3295
1777 3296
1760 3297
1847 3298
1794 3299
1754 3300
1743 3301
1869 3302
2173 3303
7088 3304
1852 3305
1789 3306
1791 3307
1821 3308
1791 3309
1757 3310
1795 3311
1803 3312
1748 3313
1780 3314
1777 3315
1769 3316
1785 3317
1737 3318
1783 3319
1806 3320
1806 3321
1766 3322
1737 3323
1921 3324
1895 3325
1959 3326
7172 3327
1913 3328
1904 3329
1757 3330
1760 3331
1760 3332
1909 3333
1792 3334
1763 3335
1745 3336
1760 3337
1768 3338
1758 3339
1760 3340
1765 3341
1731 3342
1743 3343
1742 3344
1737 3345
1719 3346
1743 3347
1887 3348
1962 3349
6647 3350
2068 3351
1786 3352
1722 3353
1740 3354
1754 3355
1736 3356
1737 3357
1778 3358
1771 3359
1765 3360
1708 3361
1757 3362
1757 3363
1841 3364
1794 3365
1754 3366
1766 3367
1893 3368
1860 3369
1740 3370
1731 3371
2077 3372
1962 3373
6439 3374
1806 3375
1749 3376
1736 3377
12679 3378
2375 3379
1907 3380
1809 3381
1745 3382
151876 3383
4302 3384
1964 3385
1879 3386
1783 3387
1783 3388
1759 3389
1807 3390
1759 3391
1766 3392
1774 3393
1752 3394
1961 3395
1965 3396
10720 3397
1927 3398
1746 3399
1765 3400
1772 3401
1760 3402
1754 3403
1737 3404
1742 3405
1812 3406
1757 3407
1734 3408
1760 3409
1768 3410
1745 3411
1737 3412
1754 3413
1697 3414
1765 3415
1777 3416
1760 3417
1876 3418
1967 3419
9901 3420
1841 3421
1754 3422
1743 3423
7108 3424
2083 3425
1783 3426
1766 3427
1782 3428
1795 3429
1759 3430
1789 3431
1772 3432
1777 3433
1777 3434
1771 3435
1772 3436
1754 3437
1766 3438
1754 3439
1771 3440
1858 3441
1990 3442
8199 3443
1945 3444
1789 3445
1765 3446
1748 3447
1795 3448
1745 3449
1763 3450
1745 3451
1786 3452
1778 3453
1768 3454
1763 3455
1745 3456
1768 3457
1772 3458
1754 3459
1743 3460
1765 3461
1731 3462
1748 3463
1777 3464
1936 3465
6454 3466
2143 3467
1757 3468
1743 3469
1742 3470
1754 3471
1751 3472
1741 3473
1733 3474
1766 3475
1722 3476
1749 3477
1748 3478
1823 3479
1772 3480
1742 3481
1720 3482
1748 3483
1742 3484
1809 3485
1740 3486
1745 3487
2077 3488
1950 3489
6555 3490
1809 3491
1757 3492
1754 3493
1745 3494
1705 3495
1740 3496
1737 3497
1927 3498
1719 3499
1740 3500
1731 3501
1731 3502
1717 3503
1754 3504
1722 3505
1722 3506
1720 3507
1728 3508
1717 3509
1722 3510
1849 3511
1950 3512
13767 3513
2074 3514
1717 3515
1702 3516
1737 3517
1835 3518
1705 3519
1736 3520
1711 3521
1749 3522
1733 3523
1752 3524
1771 3525
1757 3526
1737 3527
1717 3528
1725 3529
1728 3530
1734 3531
1737 3532
1708 3533
1881 3534
1921 3535
7599 3536
1898 3537
1751 3538
1740 3539
1754 3540
1743 3541
1779 3542
1746 3543
1818 3544
1736 3545
1737 3546
1933 3547
1748 3548
1743 3549
1722 3550
1918 3551
15103 3552
2354 3553
1810 3554
1754 3555
1716 3556
1746 3557
1932 3558
2003 3559
7835 3560
2014 3561
1777 3562
1777 3563
1760 3564
1771 3565
1760 3566
1731 3567
1743 3568
1938 3569
1757 3570
1775 3571
1759 3572
1887 3573
1760 3574
1774 3575
1786 3576
1847 3577
1765 3578
1725 3579
1754 3580
1867 3581
1964 3582
7000 3583
1860 3584
1763 3585
1768 3586
1752 3587
1702 3588
1748 3589
1754 3590
1974 3591
1777 3592
1754 3593
1788 3594
1884 3595
1763 3596
1812 3597
1754 3598
1812 3599
1765 3600
1766 3601
1765 3602
1766 3603
1881 3604
1976 3605
6968 3606
1915 3607
1766 3608
1742 3609
1754 3610
1754 3611
1783 3612
1795 3613
1771 3614
1719 3615
1749 3616
1927 3617
1754 3618
1817 3619
1899 3620
1944 3621
1754 3622
1749 3623
1742 3624
1766 3625
1742 3626
1803 3627
1965 3628
6780 3629
2071 3630
1780 3631
1780 3632
1760 3633
1748 3634
1760 3635
1783 3636
1743 3637
1756 3638
1844 3639
1754 3640
1757 3641
1751 3642
1794 3643
1755 3644
1737 3645
1768 3646
1763 3647
1754 3648
1759 3649
1775 3650
1895 3651
1970 3652
7008 3653
1843 3654
1746 3655
1760 3656
1777 3657
1771 3658
1754 3659
1749 3660
1754 3661
1777 3662
1734 3663
1742 3664
1752 3665
1765 3666
1748 3667
1772 3668
1777 3669
1766 3670
1708 3671
1771 3672
1760 3673
1933 3674
1981 3675
6844 3676
1823 3677
1763 3678
1766 3679
1811 3680
1760 3681
1762 3682
1764 3683
1765 3684
1748 3685
1751 3686
1752 3687
1777 3688
1777 3689
1777 3690
1757 3691
1927 3692
1752 3693
1759 3694
1763 3695
1846 3696
1809 3697
1956 3698
7184 3699
1916 3700
1733 3701
1766 3702
1751 3703
1766 3704
1742 3705
1754 3706
1766 3707
1771 3708
1754 3709
1743 3710
1760 3711
1733 3712
1766 3713
1942 3714
1760 3715
1754 3716
1754 3717
1858 3718
1725 3719
1910 3720
2019 3721
6814 3722
2401 3723
1944 3724
1766 3725
1766 3726
1736 3727
1751 3728
1740 3729
1757 3730
1884 3731
1760 3732
1719 3733
1737 3734
1751 3735
1734 3736
1716 3737
1752 3738
1742 3739
1927 3740
1743 3741
1766 3742
1754 3743
1955 3744
1959 3745
9737 3746
1852 3747
1760 3748
1737 3749
1754 3750
1751 3751
1775 3752
1754 3753
1756 3754
1731 3755
1775 3756
1748 3757
1748 3758
1754 3759
1755 3760
1777 3761
1731 3762
1779 3763
1766 3764
1740 3765
1719 3766
1870 3767
1996 3768
6733 3769
2112 3770
1760 3771
1734 3772
1780 3773
1728 3774
1754 3775
1740 3776
1760 3777
1748 3778
1745 3779
1754 3780
1734 3781
1760 3782
1748 3783
1737 3784
1763 3785
1728 3786
1864 3787
1777 3788
1743 3789
1800 3790
2123 3791
6687 3792
1924 3793
1766 3794
1763 3795
1754 3796
1731 3797
1731 3798
1754 3799
1766 3800
1823 3801
1743 3802
1768 3803
1740 3804
1883 3805
1763 3806
16816 3807
3353 3808
1797 3809
1774 3810
1752 3811
1731 3812
1756 3813
1977 3814
1956 3815
7945 3816
1800 3817
1749 3818
1754 3819
1725 3820
1725 3821
1731 3822
1768 3823
1731 3824
1734 3825
1714 3826
1737 3827
1748 3828
1754 3829
1815 3830
1731 3831
1742 3832
1754 3833
1729 3834
1722 3835
1722 3836
1832 3837
1948 3838
6453 3839
1996 3840
1769 3841
1714 3842
1733 3843
1740 3844
1734 3845
1722 3846
1714 3847
1720 3848
1906 3849
1734 3850
1754 3851
1740 3852
1752 3853
1721 3854
1838 3855
1728 3856
1810 3857
1724 3858
1705 3859
1821 3860
1974 3861
6710 3862
1864 3863
1754 3864
1733 3865
1763 3866
1734 3867
1763 3868
1733 3869
1766 3870
1809 3871
1743 3872
1731 3873
1731 3874
1915 3875
1754 3876
1748 3877
1726 3878
1710 3879
1752 3880
1725 3881
1737 3882
1777 3883
1956 3884
6526 3885
2056 3886
1752 3887
1725 3888
1869 3889
1720 3890
1708 3891
1699 3892
1713 3893
1775 3894
1737 3895
1719 3896
1737 3897
1722 3898
1740 3899
1733 3900
1717 3901
1743 3902
1685 3903
1722 3904
1699 3905
1708 3906
2187 3907
1964 3908
6209 3909
1835 3910
1731 3911
1844 3912
1745 3913
1728 3914
1733 3915
1735 3916
1777 3917
1716 3918
1763 3919
1714 3920
1731 3921
1714 3922
1721 3923
1731 3924
1741 3925
1724 3926
1749 3927
1722 3928
1812 3929
1855 3930
1967 3931
7109 3932
1835 3933
1748 3934
1731 3935
1778 3936
1748 3937
1716 3938
1694 3939
1710 3940
1708 3941
1729 3942
1765 3943
1722 3944
1717 3945
1777 3946
1708 3947
1714 3948
1737 3949
1736 3950
1714 3951
1733 3952
1781 3953
1933 3954
6745 3955
1889 3956
1879 3957
1742 3958
1720 3959
1722 3960
1728 3961
1760 3962
1737 3963
1719 3964
1722 3965
1740 3966
1743 3967
1713 3968
1737 3969
1733 3970
1729 3971
1731 3972
1710 3973
1873 3974
1728 3975
1786 3976
1939 3977
6693 3978
2100 3979
1745 3980
1743 3981
1717 3982
1716 3983
1690 3984
1706 3985
1687 3986
1705 3987
1870 3988
1748 3989
1731 3990
1725 3991
1731 3992
1737 3993
1716 3994
1720 3995
1717 3996
1745 3997
1717 3998
1710 3999
1884 4000
1950 4001
7071 4002
1821 4003
1757 4004
1757 4005
1725 4006
1748 4007
1703 4008
1719 4009
1754 4010
1737 4011
1731 4012
1739 4013
1723 4014
1719 4015
1731 4016
1728 4017
1717 4018
1927 4019
1745 4020
1729 4021
1742 4022
1875 4023
1936 4024
6621 4025
1881 4026
1754 4027
1760 4028
1725 4029
1711 4030
1728 4031
1711 4032
1907 4033
1699 4034
1734 4035
1736 4036
1738 4037
1800 4038
1745 4039
1728 4040
1725 4041
1726 4042
1696 4043
1725 4044
1708 4045
1927 4046
1959 4047
6731 4048
1887 4049
1733 4050
1743 4051
1742 4052
1763 4053
1731 4054
1760 4055
1737 4056
1722 4057
1751 4058
1731 4059
1852 4060
1737 4061
1731 4062
1720 4063
1719 4064
1766 4065
1731 4066
1805 4067
1740 4068
1717 4069
1973 4070
1974 4071
9153 4072
1861 4073
1751 4074
1754 4075
1708 4076
1757 4077
1714 4078
1737 4079
1725 4080
1904 4081
1754 4082
1731 4083
1737 4084
1739 4085
1775 4086
1725 4087
1771 4088
1697 4089
1722 4090
1696 4091
1749 4092
1944 4093
1930 4094
6907 4095
1869 4096
1714 4097
1829 4098
1766 4099
1719 4100
1737 4101
1783 4102
1789 4103
1744 4104
1758 4105
1714 4106
1731 4107
1736 4108
1749 4109
1721 4110
1741 4111
1748 4112
1714 4113
1731 4114
1730 4115
1968 4116
1945 4117
6346 4118
1928 4119
1719 4120
1745 4121
1722 4122
1708 4123
1703 4124
1722 4125
1835 4126
1705 4127
1725 4128
1716 4129
1708 4130
1723 4131
1748 4132
1714 4133
1754 4134
1714 4135
1736 4136
1728 4137
1740 4138
1921 4139
1962 4140
6644 4141
2046 4142
1748 4143
1754 4144
1720 4145
1725 4146
1737 4147
1756 4148
1746 4149
1725 4150
1731 4151
1720 4152
1814 4153
1751 4154
1748 4155
1752 4156
1901 4157
1722 4158
1708 4159
1734 4160
1760 4161
1713 4162
1911 4163
1938 4164
6699 4165
1829 4166
1757 4167
1702 4168
1734 4169
1757 4170
1890 4171
1731 4172
1731 4173
1748 4174
1728 4175
1742 4176
1740 4177
1760 4178
1708 4179
1737 4180
1731 4181
1725 4182
1716 4183
1844 4184
1748 4185
1832 4186
1948 4187
6762 4188
1812 4189
1748 4190
1737 4191
1725 4192
1748 4193
1714 4194
1705 4195
1705 4196
1743 4197
1892 4198
1737 4199
1737 4200
1736 4201
147330 4202
4160 4203
1944 4204
1749 4205
1760 4206
1921 4207
1760 4208
1852 4209
1979 4210
10544 4211
1905 4212
1745 4213
1783 4214
1786 4215
1739 4216
1830 4217
1759 4218
1766 4219
1763 4220
1751 4221
1745 4222
1746 4223
1754 4224
1777 4225
18178 4226
2017 4227
1777 4228
1771 4229
1766 4230
1777 4231
1800 4232
1974 4233
8164 4234
1956 4235
1734 4236
1731 4237
1740 4238
1791 4239
1717 4240
1708 4241
1754 4242
1722 4243
1728 4244
1754 4245
1766 4246
1736 4247
1726 4248
1722 4249
1754 4250
1728 4251
1858 4252
1743 4253
1719 4254
1768 4255
1954 4256
6733 4257
2135 4258
1731 4259
1720 4260
1702 4261
1719 4262
1760 4263
1710 4264
1729 4265
1702 4266
1728 4267
1705 4268
1720 4269
1708 4270
1731 4271
1707 4272
1725 4273
1697 4274
1728 4275
1711 4276
1725 4277
1690 4278
2017 4279
1930 4280
6474 4281
1820 4282
1743 4283
1777 4284
1734 4285
1749 4286
1736 4287
1737 4288
1731 4289
1719 4290
1755 4291
1730 4292
2043 4293
1766 4294
1742 4295
1743 4296
1835 4297
1731 4298
1719 4299
1731 4300
1731 4301
1849 4302
1930 4303
7452 4304
1918 4305
1763 4306
1742 4307
1729 4308
1702 4309
1728 4310
1745 4311
1717 4312
1740 4313
1725 4314
1921 4315
1766 4316
1696 4317
1731 4318
1725 4319
1728 4320
1720 4321
1742 4322
1717 4323
1734 4324
1777 4325
1950 4326
6945 4327
1932 4328
1749 4329
1708 4330
1708 4331
1733 4332
1881 4333
1729 4334
1724 4335
1703 4336
1731 4337
1719 4338
1754 4339
1789 4340
1757 4341
1731 4342
1745 4343
1760 4344
1743 4345
1823 4346
1754 4347
1731 4348
1944 4349
2074 4350
11217 4351
1864 4352
1769 4353
1722 4354
1722 4355
1708 4356
1720 4357
1742 4358
1719 4359
1714 4360
1755 4361
1724 4362
1749 4363
1766 4364
1733 4365
1734 4366
1703 4367
1730 4368
1714 4369
1719 4370
1703 4371
1849 4372
1947 4373
7703 4374
1875 4375
1714 4376
1725 4377
1745 4378
1734 4379
1726 4380
1713 4381
1749 4382
1736 4383
1737 4384
1711 4385
1717 4386
1731 4387
1898 4388
1742 4389
1734 4390
1714 4391
1751 4392
1745 4393
1731 4394
1826 4395
1957 4396
6883 4397
1901 4398
1769 4399
1731 4400
1714 4401
7904 4402
2103 4403
1757 4404
1737 4405
1731 4406
1754 4407
1720 4408
1768 4409
1717 4410
1777 4411
1708 4412
1736 4413
1717 4414
1711 4415
1725 4416
1708 4417
1757 4418
1936 4419
7160 4420
2040 4421
1763 4422
1742 4423
1722 4424
1729 4425
1713 4426
1737 4427
1840 4428
1870 4429
1725 4430
1766 4431
1745 4432
1893 4433
1728 4434
1743 4435
1742 4436
1731 4437
1722 4438
1729 4439
1733 4440
1729 4441
1904 4442
1973 4443
6335 4444
1818 4445
1783 4446
1719 4447
4852 4448
2158 4449
1778 4450
1737 4451
1731 4452
1724 4453
1749 4454
1768 4455
1731 4456
1754 4457
1873 4458
1725 4459
1745 4460
1734 4461
1726 4462
1731 4463
1742 4464
1973 4465
1939 4466
7426 4467
1806 4468
1731 4469
1731 4470
1766 4471
1731 4472
1736 4473
1740 4474
1740 4475
1892 4476
1720 4477
1713 4478
1726 4479
1731 4480
1747 4481
1726 4482
1713 4483
1728 4484
1720 4485
1780 4486
1751 4487
1800 4488
1962 4489
7212 4490
1896 4491
1719 4492
1749 4493
1817 4494
1731 4495
1731 4496
1760 4497
1722 4498
1775 4499
1725 4500
1754 4501
1742 4502
1714 4503
1722 4504
1746 4505
1734 4506
1739 4507
1749 4508
1725 4509
1748 4510
1988 4511
1924 4512
6290 4513
2077 4514
1754 4515
1719 4516
1708 4517
1699 4518
1706 4519
1719 4520
1731 4521
1719 4522
1725 4523
1714 4524
1734 4525
1699 4526
1726 4527
1725 4528
1811 4529
1691 4530
1731 4531
1737 4532
1765 4533
1726 4534
1875 4535
1933 4536
7028 4537
1802 4538
1893 4539
1705 4540
1731 4541
1734 4542
1717 4543
1702 4544
1742 4545
1720 4546
1737 4547
1733 4548
1731 4549
1757 4550
1714 4551
1737 4552
1714 4553
1744 4554
1741 4555
1754 4556
1696 4557
1817 4558
1939 4559
6641 4560
1875 4561
1720 4562
1725 4563
1720 4564
1699 4565
1705 4566
1722 4567
1705 4568
1685 4569
1685 4570
1708 4571
1696 4572
1720 4573
1699 4574
1751 4575
9815 4576
2284 4577
1784 4578
1719 4579
1748 4580
1774 4581
1960 4582
8089 4583
1904 4584
1722 4585
1729 4586
1724 4587
1697 4588
1719 4589
1726 4590
1722 4591
1731 4592
1745 4593
1766 4594
1716 4595
1902 4596
1722 4597
1740 4598
1731 4599
1736 4600
1754 4601
1720 4602
1702 4603
1734 4604
1924 4605
1979 4606
6919 4607
1788 4608
1754 4609
1806 4610
1714 4611
1722 4612
1728 4613
1745 4614
1757 4615
1720 4616
1739 4617
1764 4618
1724 4619
1743 4620
1737 4621
1757 4622
1728 4623
1731 4624
1754 4625
1757 4626
1858 4627
1837 4628
1934 4629
6912 4630
1846 4631
1731 4632
1778 4633
1759 4634
1737 4635
1777 4636
1766 4637
1745 4638
1751 4639
1743 4640
1780 4641
1751 4642
1757 4643
1731 4644
1895 4645
1720 4646
1739 4647
1729 4648
1742 4649
1757 4650
1994 4651
1929 4652
7187 4653
1887 4654
1705 4655
1742 4656
1731 4657
1720 4658
1751 4659
1708 4660
1713 4661
1717 4662
1849 4663
1726 4664
1745 4665
1728 4666
1737 4667
1714 4668
1698 4669
1720 4670
1699 4671
1726 4672
1708 4673
1768 4674
1936 4675
8969 4676
2052 4677
1736 4678
1716 4679
1870 4680
1717 4681
1725 4682
1742 4683
1714 4684
1708 4685
1720 4686
1713 4687
1737 4688
1731 4689
1720 4690
1719 4691
1699 4692
1757 4693
1725 4694
1685 4695
1697 4696
1719 4697
1881 4698
1916 4699
6649 4700
1752 4701
1696 4702
1777 4703
1714 4704
1719 4705
13917 4706
3468 4707
1789 4708
1777 4709
1748 4710
1749 4711
1817 4712
1783 4713
1766 4714
1748 4715
1737 4716
1759 4717
1740 4718
1786 4719
1722 4720
1846 4721
1948 4722
8395 4723
1841 4724
1777 4725
1731 4726
1768 4727
1729 4728
1748 4729
1754 4730
1725 4731
1760 4732
1760 4733
1759 4734
1760 4735
1778 4736
1771 4737
1737 4738
1759 4739
1751 4740
1763 4741
1769 4742
1751 4743
1803 4744
1971 4745
7074 4746
1915 4747
1748 4748
1754 4749
1749 4750
1756 4751
1781 4752
1737 4753
1756 4754
1789 4755
1745 4756
1737 4757
1737 4758
1792 4759
1947 4760
1783 4761
1719 4762
1760 4763
1760 4764
1734 4765
1791 4766
1855 4767
1939 4768
6523 4769
2129 4770
1757 4771
1740 4772
1766 4773
1744 4774
1741 4775
1727 4776
1758 4777
1771 4778
1737 4779
1754 4780
1710 4781
1752 4782
1731 4783
1742 4784
1743 4785
1754 4786
1710 4787
1731 4788
1740 4789
1731 4790
1861 4791
1950 4792
6711 4793
1837 4794
1734 4795
1719 4796
1723 4797
1731 4798
1719 4799
1749 4800
1742 4801
1720 4802
1745 4803
1745 4804
1968 4805
1745 4806
1754 4807
1734 4808
1740 4809
1711 4810
1739 4811
1717 4812
1731 4813
1829 4814
1970 4815
7224 4816
1913 4817
1771 4818
1694 4819
1731 4820
1740 4821
1705 4822
1851 4823
1717 4824
1699 4825
1743 4826
1705 4827
1745 4828
1746 4829
1731 4830
1754 4831
1754 4832
1739 4833
1740 4834
1745 4835
1720 4836
1849 4837
1974 4838
6918 4839
1870 4840
1811 4841
1734 4842
1711 4843
1725 4844
1725 4845
1754 4846
1743 4847
1760 4848
1722 4849
2412 4850
1707 4851
1731 4852
1743 4853
1763 4854
1722 4855
1740 4856
1722 4857
1763 4858
1731 4859
1768 4860
1948 4861
6762 4862
2060 4863
1765 4864
1734 4865
1873 4866
1756 4867
1741 4868
1721 4869
1787 4870
1733 4871
1870 4872
1722 4873
1728 4874
1754 4875
1798 4876
1722 4877
1722 4878
1737 4879
1916 4880
1765 4881
1743 4882
1731 4883
1918 4884
1965 4885
6722 4886
1826 4887
1763 4888
1743 4889
1742 4890
1743 4891
1754 4892
1731 4893
1742 4894
1725 4895
1720 4896
1731 4897
1754 4898
1760 4899
1759 4900
1749 4901
1731 4902
1754 4903
1759 4904
1717 4905
1754 4906
1855 4907
1951 4908
13536 4909
1881 4910
1892 4911
1755 4912
1765 4913
1780 4914
1763 4915
1765 4916
1734 4917
1775 4918
1721 4919
1775 4920
1777 4921
1780 4922
1769 4923
1737 4924
1765 4925
1777 4926
1757 4927
1754 4928
1757 4929
1809 4930
1965 4931
7114 4932
1907 4933
1763 4934
1777 4935
1756 4936
1781 4937
1751 4938
1869 4939
1763 4940
1766 4941
1748 4942
1855 4943
1792 4944
1777 4945
1739 4946
1763 4947
1760 4948
1760 4949
1766 4950
1754 4951
1843 4952
1792 4953
1941 4954
6160 4955
2135 4956
1846 4957
1748 4958
1749 4959
1710 4960
1742 4961
1731 4962
1764 4963
1731 4964
1710 4965
1752 4966
1777 4967
1748 4968
1771 4969
1754 4970
1757 4971
1711 4972
1728 4973
1901 4974
1754 4975
1737 4976
1927 4977
2072 4978
6453 4979
1815 4980
1742 4981
1760 4982
1772 4983
1728 4984
1722 4985
1737 4986
1754 4987
1918 4988
1740 4989
1743 4990
1733 4991
1777 4992
1752 4993
1719 4994
1745 4995
1752 4996
1733 4997
1737 4998
1714 4999
1858 5000
1959 5001
8643 5002
1928 5003
1765 5004
1916 5005
1754 5006
1736 5007
1737 5008
1708 5009
1720 5010
1736 5011
1749 5012
1731 5013
1756 5014
1746 5015
1748 5016
1725 5017
1864 5018
1768 5019
143995 5020
4247 5021
1965 5022
2028 5023
1964 5024
11145 5025
2065 5026
2008 5027
1741 5028
1731 5029
1724 5030
1737 5031
1743 5032
1743 5033
1710 5034
1728 5035
1748 5036
1737 5037
1720 5038
1725 5039
1875 5040
1737 5041
1728 5042
1742 5043
1913 5044
1745 5045
1792 5046
1970 5047
7112 5048
1973 5049
1737 5050
1754 5051
1778 5052
2102 5053
1746 5054
1762 5055
1717 5056
1731 5057
1720 5058
1754 5059
1754 5060
1731 5061
1817 5062
1726 5063
1733 5064
1720 5065
1892 5066
1729 5067
1754 5068
1759 5069
1927 5070
1934 5071
7051 5072
1823 5073
1731 5074
1736 5075
1728 5076
1769 5077
1714 5078
1777 5079
1728 5080
1769 5081
1742 5082
1766 5083
1858 5084
1754 5085
1756 5086
1769 5087
1737 5088
1742 5089
1734 5090
1728 5091
1722 5092
1833 5093
1955 5094
6953 5095
1815 5096
1719 5097
1869 5098
1746 5099
1728 5100
1719 5101
1754 5102
1718 5103
1742 5104
1725 5105
1760 5106
1766 5107
1736 5108
1749 5109
1754 5110
1731 5111
1722 5112
1768 5113
1711 5114
1757 5115
1838 5116
1938 5117
6979 5118
1910 5119
18925 5120
2234 5121
1828 5122
1922 5123
1743 5124
1779 5125
1729 5126
1883 5127
1740 5128
1711 5129
1774 5130
1743 5131
1794 5132
1760 5133
1760 5134
1795 5135
1782 5136
1777 5137
1737 5138
1824 5139
1990 5140
7784 5141
2071 5142
1783 5143
1766 5144
1731 5145
1771 5146
1760 5147
1768 5148
1777 5149
1754 5150
1833 5151
1768 5152
1878 5153
1754 5154
1771 5155
1737 5156
1772 5157
1760 5158
1788 5159
1737 5160
1760 5161
1754 5162
1950 5163
1979 5164
6670 5165
1841 5166
1760 5167
1760 5168
1765 5169
1737 5170
1993 5171
1757 5172
1830 5173
1721 5174
1815 5175
1737 5176
1852 5177
1766 5178
1716 5179
1777 5180
1740 5181
1731 5182
1725 5183
1749 5184
1754 5185
1875 5186
1968 5187
7039 5188
1852 5189
1748 5190
1757 5191
1754 5192
1919 5193
1754 5194
1765 5195
1763 5196
1798 5197
1748 5198
1760 5199
1754 5200
1766 5201
1744 5202
1755 5203
1717 5204
1733 5205
1752 5206
1748 5207
1748 5208
1907 5209
1982 5210
6999 5211
1945 5212
1744 5213
1741 5214
1823 5215
1765 5216
1766 5217
1766 5218
1823 5219
1783 5220
1751 5221
1751 5222
1743 5223
1759 5224
1760 5225
1754 5226
1731 5227
1725 5228
1751 5229
1764 5230
1733 5231
1982 5232
1951 5233
6557 5234
2121 5235
1745 5236
1754 5237
1754 5238
1740 5239
1719 5240
1702 5241
1751 5242
1694 5243
1737 5244
1713 5245
1884 5246
1742 5247
1706 5248
1731 5249
1731 5250
1733 5251
1706 5252
1719 5253
1720 5254
1733 5255
1919 5256
1958 5257
7239 5258
1806 5259
1757 5260
1711 5261
1748 5262
1734 5263
1904 5264
1740 5265
1722 5266
1768 5267
1925 5268
1742 5269
1752 5270
1731 5271
1742 5272
1731 5273
1766 5274
1708 5275
1759 5276
1749 5277
1754 5278
1860 5279
1988 5280
9711 5281
1918 5282
1763 5283
1757 5284
1731 5285
1740 5286
1737 5287
1748 5288
1760 5289
1748 5290
1754 5291
1731 5292
1812 5293
1754 5294
1743 5295
1742 5296
1734 5297
1728 5298
1766 5299
1719 5300
1743 5301
1777 5302
1956 5303
6999 5304
2152 5305
1737 5306
1777 5307
1777 5308
1768 5309
1763 5310
1907 5311
1786 5312
1731 5313
1777 5314
1898 5315
1751 5316
1763 5317
1745 5318
1743 5319
1765 5320
1743 5321
1757 5322
1754 5323
1751 5324
1763 5325
1951 5326
1964 5327
6742 5328
1924 5329
1775 5330
1759 5331
1766 5332
1855 5333
1763 5334
1754 5335
1757 5336
1838 5337
1771 5338
1777 5339
1789 5340
1800 5341
1743 5342
1765 5343
1722 5344
1766 5345
1751 5346
1757 5347
1757 5348
1876 5349
1973 5350
6918 5351
1841 5352
1765 5353
1757 5354
1768 5355
1749 5356
1791 5357
1769 5358
1731 5359
1748 5360
1887 5361
1765 5362
1754 5363
1731 5364
1766 5365
1743 5366
1748 5367
1814 5368
1740 5369
1745 5370
1729 5371
1944 5372
1962 5373
6699 5374
1918 5375
1798 5376
1719 5377
1778 5378
1771 5379
1783 5380
1748 5381
1760 5382
1733 5383
1775 5384
1734 5385
1936 5386
1754 5387
1756 5388
1769 5389
1893 5390
1748 5391
1743 5392
1765 5393
1708 5394
1918 5395
1960 5396
7376 5397
2040 5398
1754 5399
1743 5400
1731 5401
1742 5402
1737 5403
1748 5404
1731 5405
1731 5406
1720 5407
1690 5408
1708 5409
1748 5410
1725 5411
1737 5412
1711 5413
1728 5414
1720 5415
1731 5416
1759 5417
1714 5418
1916 5419
1950 5420
6765 5421
1823 5422
1763 5423
1725 5424
1737 5425
102071 5426
5010 5427
1960 5428
1742 5429
1768 5430
1740 5431
1760 5432
1737 5433
1766 5434
1756 5435
1798 5436
1722 5437
1765 5438
1775 5439
1733 5440
1812 5441
1980 5442
9860 5443
1919 5444
1751 5445
1765 5446
1734 5447
1789 5448
1720 5449
1739 5450
1743 5451
1864 5452
1785 5453
1734 5454
1766 5455
1785 5456
1746 5457
1769 5458
1690 5459
1792 5460
1725 5461
1760 5462
1765 5463
1824 5464
1947 5465
1942 5466
7301 5467
1824 5468
1912 5469
1757 5470
1708 5471
36336 5472
4293 5473
2106 5474
1795 5475
1714 5476
1759 5477
1749 5478
1771 5479
1791 5480
1781 5481
1780 5482
1785 5483
1789 5484
1774 5485
1815 5486
1806 5487
1861 5488
1947 5489
9223 5490
1844 5491
1757 5492
1734 5493
1826 5494
1743 5495
1751 5496
1771 5497
1708 5498
1837 5499
1775 5500
1719 5501
1772 5502
1736 5503
1757 5504
1821 5505
1745 5506
1754 5507
1740 5508
1731 5509
1740 5510
2036 5511
1985 5512
7011 5513
1950 5514
1766 5515
1909 5516
1777 5517
1746 5518
1739 5519
1763 5520
1746 5521
1774 5522
1768 5523
1697 5524
1754 5525
1762 5526
1708 5527
1734 5528
1890 5529
1748 5530
1774 5531
1737 5532
1919 5533
1777 5534
1956 5535
23385 5536
3520 5537
1861 5538
1838 5539
1748 5540
1748 5541
1760 5542
1769 5543
1826 5544
1797 5545
1719 5546
1758 5547
1800 5548
1751 5549
1754 5550
1774 5551
1792 5552
1785 5553
1795 5554
1783 5555
1841 5556
1774 5557
2008 5558
2192 5559
7648 5560
1777 5561
1824 5562
1740 5563
1733 5564
1789 5565
1748 5566
1795 5567
1745 5568
1777 5569
1812 5570
1774 5571
1766 5572
1815 5573
1751 5574
1820 5575
1849 5576
1827 5577
1808 5578
1804 5579
1820 5580
2077 5581
2011 5582
14260 5583
2060 5584
1818 5585
1737 5586
1785 5587
1844 5588
1760 5589
1797 5590
1728 5591
2046 5592
1757 5593
1736 5594
1749 5595
1794 5596
1777 5597
1812 5598
1788 5599
16402 5600
2264 5601
1795 5602
1754 5603
1803 5604
1993 5605
11390 5606
2020 5607
1823 5608
1769 5609
1731 5610
1800 5611
1815 5612
1797 5613
1785 5614
1778 5615
1844 5616
1759 5617
1766 5618
1765 5619
1740 5620
1771 5621
1775 5622
1765 5623
1749 5624
1736 5625
1723 5626
1892 5627
2083 5628
6956 5629
2218 5630
1757 5631
1777 5632
1720 5633
1762 5634
1777 5635
1916 5636
1757 5637
1746 5638
1754 5639
1713 5640
1754 5641
1754 5642
1907 5643
1763 5644
1749 5645
1794 5646
1765 5647
1746 5648
1774 5649
1881 5650
1913 5651
1967 5652
6921 5653
1962 5654
1777 5655
1927 5656
1824 5657
1765 5658
1804 5659
1751 5660
1768 5661
1786 5662
1812 5663
1754 5664
1731 5665
1765 5666
1737 5667
1771 5668
1726 5669
1748 5670
1867 5671
1933 5672
1751 5673
1869 5674
2046 5675
6996 5676
1993 5677
1786 5678
1696 5679
1769 5680
1786 5681
1777 5682
1745 5683
1815 5684
1774 5685
1763 5686
1725 5687
1754 5688
1771 5689
1812 5690
1703 5691
1828 5692
1792 5693
1866 5694
1835 5695
1720 5696
1780 5697
2178 5698
7048 5699
1910 5700
1789 5701
1808 5702
1893 5703
1763 5704
1768 5705
1777 5706
1766 5707
1754 5708
1725 5709
1771 5710
1801 5711
1777 5712
1742 5713
1766 5714
1780 5715
1720 5716
1768 5717
1783 5718
1760 5719
1759 5720
1954 5721
1993 5722
6523 5723
1835 5724
1815 5725
1742 5726
1751 5727
1740 5728
1711 5729
1803 5730
1794 5731
1873 5732
1745 5733
1774 5734
1757 5735
1737 5736
1749 5737
1886 5738
1734 5739
1751 5740
1760 5741
1737 5742
1765 5743
1904 5744
1939 5745
7224 5746
1869 5747
1781 5748
1783 5749
1728 5750
1765 5751
1771 5752
1749 5753
1820 5754
1766 5755
1913 5756
1719 5757
1777 5758
1766 5759
1811 5760
1755 5761
1806 5762
1708 5763
1731 5764
1748 5765
1725 5766
1994 5767
1987 5768
6884 5769
1938 5770
1746 5771
1803 5772
1783 5773
1818 5774
1817 5775
1754 5776
1734 5777
1746 5778
1748 5779
1777 5780
1714 5781
1909 5782
1775 5783
1733 5784
1792 5785
1754 5786
1783 5787
1791 5788
1781 5789
1797 5790
1985 5791
6742 5792
2149 5793
1758 5794
1768 5795
1800 5796
1714 5797
1780 5798
1786 5799
1794 5800
1777 5801
1731 5802
1806 5803
1936 5804
1757 5805
1736 5806
1749 5807
1739 5808
1786 5809
1754 5810
1772 5811
1731 5812
1734 5813
1924 5814
1993 5815
7519 5816
1840 5817
1820 5818
1801 5819
1777 5820
1742 5821
1769 5822
1780 5823
1760 5824
1754 5825
1872 5826
1769 5827
1728 5828
1812 5829
1814 5830
1778 5831
1759 5832
1800 5833
1847 5834
1774 5835
1798 5836
1927 5837
2212 5838
162150 5839
4033 5840
1957 5841
1724 5842
1891 5843
1779 5844
1754 5845
1769 5846
1835 5847
1777 5848
1757 5849
1759 5850
1830 5851
1921 5852
1754 5853
1780 5854
1772 5855
1751 5856
1742 5857
1725 5858
1743 5859
1910 5860
1979 5861
11211 5862
1933 5863
1760 5864
1748 5865
1777 5866
1737 5867
1754 5868
1746 5869
1754 5870
1872 5871
1719 5872
1717 5873
1708 5874
1779 5875
1789 5876
1746 5877
1745 5878
1771 5879
1757 5880
1740 5881
1714 5882
1800 5883
1959 5884
10960 5885
1959 5886
1987 5887
1754 5888
1758 5889
1762 5890
1772 5891
1748 5892
1798 5893
1745 5894
1754 5895
1742 5896
1737 5897
1754 5898
1786 5899
1739 5900
1731 5901
1766 5902
1754 5903
1800 5904
1780 5905
1838 5906
1910 5907
6984 5908
2182 5909
1739 5910
1740 5911
1766 5912
1733 5913
1711 5914
1728 5915
1743 5916
1765 5917
1734 5918
1751 5919
1723 5920
1728 5921
1742 5922
1749 5923
1736 5924
1766 5925
1742 5926
63753 5927
1993 5928
1746 5929
2244 5930
2014 5931
9194 5932
1913 5933
1783 5934
1739 5935
1746 5936
1762 5937
1763 5938
1708 5939
1956 5940
1751 5941
1734 5942
1789 5943
1780 5944
1814 5945
1746 5946
1739 5947
1754 5948
1916 5949
1714 5950
1751 5951
1763 5952
1988 5953
1935 5954
6947 5955
1922 5956
1739 5957
1763 5958
1760 5959
1720 5960
1811 5961
1725 5962
1780 5963
1711 5964
1760 5965
1775 5966
1837 5967
1745 5968
1717 5969
1725 5970
1737 5971
1768 5972
1705 5973
1714 5974
1725 5975
1769 5976
1953 5977
6803 5978
1904 5979
1777 5980
1760 5981
1719 5982
1737 5983
1748 5984
1717 5985
1722 5986
1737 5987
1745 5988
1763 5989
1765 5990
1807 5991
1800 5992
1736 5993
1738 5994
1759 5995
1737 5996
1774 5997
1774 5998
1743 5999
1939 6000
1990 6001
6630 6002
1795 6003
1731 6004
1742 6005
1702 6006
1722 6007
1694 6008
1725 6009
1685 6010
1725 6011
1719 6012
1746 6013
1728 6014
1699 6015
1743 6016
1751 6017
1708 6018
1719 6019
1660 6020
1768 6021
1725 6022
1840 6023
1942 6024
6731 6025
1817 6026
1777 6027
1734 6028
1777 6029
1778 6030
1768 6031
1800 6032
1748 6033
1769 6034
1786 6035
1737 6036
1771 6037
1734 6038
1731 6039
1800 6040
1734 6041
1763 6042
1739 6043
1757 6044
1769 6045
1892 6046
1977 6047
6837 6048
1889 6049
1731 6050
1734 6051
1751 6052
1743 6053
1777 6054
1789 6055
1708 6056
1823 6057
1780 6058
1757 6059
1774 6060
1774 6061
1761 6062
1762 6063
1740 6064
1760 6065
1762 6066
1734 6067
1777 6068
1795 6069
1956 6070
6825 6071
2061 6072
1754 6073
1736 6074
1830 6075
1759 6076
1772 6077
1751 6078
1774 6079
1754 6080
1766 6081
1731 6082
1714 6083
1747 6084
1789 6085
1772 6086
1765 6087
1737 6088
1754 6089
1725 6090
1812 6091
1720 6092
1927 6093
1976 6094
6719 6095
1821 6096
1716 6097
1737 6098
1731 6099
1760 6100
1702 6101
1742 6102
1711 6103
1734 6104
1682 6105
1788 6106
1746 6107
1743 6108
1728 6109
1699 6110
1736 6111
1720 6112
1765 6113
1757 6114
1743 6115
1832 6116
1971 6117
6880 6118
1864 6119
1933 6120
1797 6121
1734 6122
1812 6123
1846 6124
1769 6125
1745 6126
1751 6127
1731 6128
1789 6129
1728 6130
1771 6131
1748 6132
1731 6133
1711 6134
1769 6135
1736 6136
1749 6137
1690 6138
1968 6139
1959 6140
6782 6141
1881 6142
1757 6143
1763 6144
1725 6145
1743 6146
1731 6147
1736 6148
1685 6149
1708 6150
1749 6151
1696 6152
1696 6153
1743 6154
1910 6155
1731 6156
1719 6157
1757 6158
1728 6159
1731 6160
1731 6161
1806 6162
1910 6163
6612 6164
2124 6165
1737 6166
1805 6167
1720 6168
1794 6169
1728 6170
1728 6171
1726 6172
1708 6173
1728 6174
1708 6175
1728 6176
1690 6177
1778 6178
1725 6179
1731 6180
1684 6181
1743 6182
1696 6183
1708 6184
1688 6185
1893 6186
2016 6187
6604 6188
1820 6189
1746 6190
1762 6191
1746 6192
1985 6193
1771 6194
1745 6195
1821 6196
1791 6197
1769 6198
1789 6199
1892 6200
1743 6201
1739 6202
1772 6203
1751 6204
1693 6205
1746 6206
1728 6207
1740 6208
1872 6209
1973 6210
9647 6211
1927 6212
1731 6213
1726 6214
1751 6215
1693 6216
1703 6217
1678 6218
1766 6219
1737 6220
1774 6221
1751 6222
1737 6223
1702 6224
1737 6225
1723 6226
1722 6227
1719 6228
1743 6229
1702 6230
1736 6231
1769 6232
1950 6233
7793 6234
1944 6235
1725 6236
1743 6237
1774 6238
1734 6239
1760 6240
1771 6241
1780 6242
1786 6243
1740 6244
1714 6245
1748 6246
1728 6247
1757 6248
1728 6249
1714 6250
1696 6251
1780 6252
1751 6253
1751 6254
1751 6255
1927 6256
1954 6257
13435 6258
1852 6259
1760 6260
1809 6261
1774 6262
1711 6263
1719 6264
1751 6265
1726 6266
1722 6267
1734 6268
1731 6269
1918 6270
1792 6271
1774 6272
1815 6273
1748 6274
1708 6275
1795 6276
1736 6277
1754 6278
1835 6279
1942 6280
6872 6281
1832 6282
1759 6283
1904 6284
1720 6285
1725 6286
1754 6287
1801 6288
1742 6289
1743 6290
1736 6291
1789 6292
1722 6293
1766 6294
1739 6295
1749 6296
1716 6297
1728 6298
1711 6299
1804 6300
1724 6301
1833 6302
1970 6303
6840 6304
1896 6305
1748 6306
1728 6307
1763 6308
1748 6309
1742 6310
1720 6311
1734 6312
1722 6313
1778 6314
1728 6315
1722 6316
1748 6317
1737 6318
1797 6319
1728 6320
1737 6321
1748 6322
1769 6323
1693 6324
1904 6325
1991 6326
6725 6327
2077 6328
1757 6329
1766 6330
1728 6331
1777 6332
1797 6333
1746 6334
1734 6335
1705 6336
1947 6337
1731 6338
1725 6339
1760 6340
1737 6341
1759 6342
1720 6343
1754 6344
1699 6345
1726 6346
1739 6347
1717 6348
1924 6349
1950 6350
6358 6351
1807 6352
1690 6353
1706 6354
1736 6355
1777 6356
1763 6357
1708 6358
1754 6359
1705 6360
1693 6361
1705 6362
1740 6363
1788 6364
1708 6365
1749 6366
1736 6367
1717 6368
1728 6369
1760 6370
1719 6371
1861 6372
1936 6373
7143 6374
1847 6375
1777 6376
1780 6377
1797 6378
1752 6379
1802 6380
1731 6381
1749 6382
1728 6383
1739 6384
1717 6385
1780 6386
1760 6387
1794 6388
1800 6389
1720 6390
1731 6391
15331 6392
2086 6393
1777 6394
1901 6395
2161 6396
7890 6397
2054 6398
1754 6399
1780 6400
1781 6401
1771 6402
1765 6403
1803 6404
1740 6405
1757 6406
1812 6407
1774 6408
1760 6409
1855 6410
1760 6411
1722 6412
1812 6413
1812 6414
1742 6415
1766 6416
1745 6417
1786 6418
1985 6419
6658 6420
2161 6421
1985 6422
1743 6423
1714 6424
1756 6425
1743 6426
1760 6427
1748 6428
1719 6429
1772 6430
1777 6431
2002 6432
1780 6433
1835 6434
1754 6435
1739 6436
1766 6437
1769 6438
1808 6439
1754 6440
1784 6441
1895 6442
1959 6443
15642 6444
1927 6445
1766 6446
1734 6447
1760 6448
1756 6449
12989 6450
2221 6451
1861 6452
1792 6453
1808 6454
1766 6455
1774 6456
1812 6457
1742 6458
1795 6459
1789 6460
1759 6461
1896 6462
1792 6463
1805 6464
1907 6465
2196 6466
7351 6467
2051 6468
1815 6469
1774 6470
1716 6471
1772 6472
1736 6473
1858 6474
1766 6475
1766 6476
1858 6477
1760 6478
1805 6479
1743 6480
1742 6481
1757 6482
1775 6483
1765 6484
1737 6485
1697 6486
1734 6487
1797 6488
1985 6489
7186 6490
2057 6491
1763 6492
1777 6493
1754 6494
1754 6495
3897 6496
1994 6497
1780 6498
1783 6499
1919 6500
1791 6501
1812 6502
1774 6503
1789 6504
1780 6505
1774 6506
1798 6507
2042 6508
1743 6509
1771 6510
1861 6511
2077 6512
1936 6513
7166 6514
1823 6515
1846 6516
1812 6517
1720 6518
1742 6519
1760 6520
1771 6521
1754 6522
1746 6523
1797 6524
1731 6525
1777 6526
1760 6527
1731 6528
1748 6529
1971 6530
1748 6531
1766 6532
1803 6533
1820 6534
1962 6535
2014 6536
10519 6537
1947 6538
1765 6539
1781 6540
1751 6541
1800 6542
1737 6543
1739 6544
1804 6545
1782 6546
1720 6547
1742 6548
1772 6549
1759 6550
1772 6551
1751 6552
1734 6553
1867 6554
1774 6555
1731 6556
1783 6557
1886 6558
2011 6559
7570 6560
1948 6561
1754 6562
1915 6563
1754 6564
1761 6565
1724 6566
1720 6567
1910 6568
1734 6569
1733 6570
1772 6571
1748 6572
1754 6573
1752 6574
1739 6575
1748 6576
11595 6577
1895 6578
1758 6579
1829 6580
1866 6581
1944 6582
7317 6583
1950 6584
1829 6585
1766 6586
1780 6587
1757 6588
1754 6589
1765 6590
1766 6591
1904 6592
1798 6593
1768 6594
1760 6595
1866 6596
1804 6597
1777 6598
1809 6599
1774 6600
1829 6601
1846 6602
1841 6603
1838 6604
1981 6605
6558 6606
2080 6607
1786 6608
1786 6609
1768 6610
1807 6611
1817 6612
1745 6613
1847 6614
1771 6615
1788 6616
1743 6617
1740 6618
1780 6619
1757 6620
1788 6621
1801 6622
1791 6623
17688 6624
2412 6625
1777 6626
1812 6627
1889 6628
1985 6629
8289 6630
1895 6631
1777 6632
1760 6633
1722 6634
1786 6635
1780 6636
1757 6637
1804 6638
1687 6639
1766 6640
1763 6641
1745 6642
1760 6643
1748 6644
1699 6645
1728 6646
1930 6647
1887 6648
1714 6649
1774 6650
2042 6651
1974 6652
6797 6653
1835 6654
1757 6655
1843 6656
157445 6657
4393 6658
2075 6659
1777 6660
1791 6661
1786 6662
1881 6663
1809 6664
1815 6665
1811 6666
1812 6667
1766 6668
1800 6669
1795 6670
1759 6671
1821 6672
1791 6673
1991 6674
2025 6675
11367 6676
1864 6677
1809 6678
1731 6679
1800 6680
1777 6681
1769 6682
1751 6683
1757 6684
1751 6685
1760 6686
1849 6687
1754 6688
1748 6689
1760 6690
1731 6691
1719 6692
1769 6693
1708 6694
1728 6695
1823 6696
1907 6697
1954 6698
7264 6699
2088 6700
1743 6701
1742 6702
1757 6703
1740 6704
1745 6705
1734 6706
1708 6707
1751 6708
1870 6709
1716 6710
1754 6711
1743 6712
1731 6713
1708 6714
1742 6715
1743 6716
1742 6717
1789 6718
1772 6719
1797 6720
1901 6721
6460 6722
2195 6723
1737 6724
1754 6725
1722 6726
1757 6727
1725 6728
1748 6729
1720 6730
1754 6731
1731 6732
1757 6733
1737 6734
1728 6735
1748 6736
1737 6737
1760 6738
1731 6739
1757 6740
1739 6741
1720 6742
1731 6743
1904 6744
1964 6745
6783 6746
1852 6747
1771 6748
1792 6749
1740 6750
1832 6751
1736 6752
1694 6753
1823 6754
1754 6755
1708 6756
1708 6757
1772 6758
1742 6759
1717 6760
1731 6761
1757 6762
1751 6763
1705 6764
1707 6765
1714 6766
1855 6767
1942 6768
6967 6769
21531 6770
2065 6771
1844 6772
1783 6773
1869 6774
1786 6775
1731 6776
1760 6777
1786 6778
1777 6779
1785 6780
1778 6781
1823 6782
1812 6783
1794 6784
1818 6785
1846 6786
1746 6787
1754 6788
1762 6789
2106 6790
1959 6791
8606 6792
2008 6793
1789 6794
1751 6795
1791 6796
1942 6797
1792 6798
1785 6799
1801 6800
1814 6801
1916 6802
1794 6803
1835 6804
1760 6805
1763 6806
1751 6807
1777 6808
2040 6809
1837 6810
1746 6811
1803 6812
1829 6813
1996 6814
1988 6815
9991 6816
1875 6817
1771 6818
1795 6819
1792 6820
1774 6821
1782 6822
1838 6823
1754 6824
1766 6825
1728 6826
1815 6827
1780 6828
1803 6829
1757 6830
1930 6831
1728 6832
1765 6833
1766 6834
1826 6835
1763 6836
1861 6837
1939 6838
7189 6839
1866 6840
1807 6841
1774 6842
1754 6843
1737 6844
1733 6845
1824 6846
1765 6847
1766 6848
1757 6849
1754 6850
1823 6851
1801 6852
1727 6853
1792 6854
1812 6855
1789 6856
1751 6857
1803 6858
1766 6859
1889 6860
2008 6861
6728 6862
1904 6863
1777 6864
1769 6865
1762 6866
1746 6867
1788 6868
1746 6869
1774 6870
1760 6871
1757 6872
1765 6873
1763 6874
1734 6875
1812 6876
1817 6877
1798 6878
1762 6879
1841 6880
1783 6881
1777 6882
1962 6883
1996 6884
7259 6885
2164 6886
1748 6887
1751 6888
1745 6889
1720 6890
1751 6891
1734 6892
1803 6893
1855 6894
1708 6895
1754 6896
1760 6897
1746 6898
1768 6899
1760 6900
2002 6901
1777 6902
1757 6903
1757 6904
1852 6905
1788 6906
1916 6907
1953 6908
6815 6909
1843 6910
1812 6911
1743 6912
1785 6913
1780 6914
1766 6915
1748 6916
1757 6917
1766 6918
1768 6919
1771 6920
1824 6921
1771 6922
1893 6923
1751 6924
1774 6925
1729 6926
1898 6927
1696 6928
1746 6929
1849 6930
2172 6931
6725 6932
1858 6933
1791 6934
1777 6935
1784 6936
1797 6937
1785 6938
1821 6939
1789 6940
1771 6941
1766 6942
1797 6943
1765 6944
1939 6945
1841 6946
1794 6947
1752 6948
1756 6949
1764 6950
1701 6951
1827 6952
1803 6953
1976 6954
6852 6955
1930 6956
1788 6957
1795 6958
1771 6959
1769 6960
1751 6961
1791 6962
1786 6963
1766 6964
1765 6965
1754 6966
1916 6967
1737 6968
1743 6969
1765 6970
1728 6971
1812 6972
1751 6973
1752 6974
1736 6975
1792 6976
1938 6977
6575 6978
2112 6979
1765 6980
1714 6981
1766 6982
1757 6983
1745 6984
1843 6985
1729 6986
1803 6987
1754 6988
1754 6989
1780 6990
1754 6991
1780 6992
1777 6993
1774 6994
1763 6995
1777 6996
1780 6997
1789 6998
1786 6999
1933 7000
1967 7001
6878 7002
1869 7003
1766 7004
1795 7005
1829 7006
1921 7007
1774 7008
1728 7009
1740 7010
1791 7011
1798 7012
1780 7013
1742 7014
1749 7015
1696 7016
1746 7017
1771 7018
1763 7019
1734 7020
1725 7021
1771 7022
1843 7023
1962 7024
7178 7025
1890 7026
1751 7027
1794 7028
1766 7029
1717 7030
1797 7031
1740 7032
1837 7033
1772 7034
1800 7035
1757 7036
1797 7037
1789 7038
1765 7039
1743 7040
1812 7041
1760 7042
1774 7043
1795 7044
1791 7045
1869 7046
1985 7047
6855 7048
1968 7049
1751 7050
1780 7051
1771 7052
1803 7053
1774 7054
1740 7055
1768 7056
1939 7057
1757 7058
1774 7059
1807 7060
1780 7061
1768 7062
1757 7063
1765 7064
1749 7065
1803 7066
1777 7067
1965 7068
1768 7069
2178 7070
2031 7071
6581 7072
1982 7073
1783 7074
1768 7075
1740 7076
1766 7077
1791 7078
1832 7079
1783 7080
1797 7081
1777 7082
1754 7083
1830 7084
1765 7085
1832 7086
1774 7087
1815 7088
1809 7089
1754 7090
1795 7091
1785 7092
1913 7093
2022 7094
7002 7095
1876 7096
1785 7097
1746 7098
1889 7099
1789 7100
1716 7101
1801 7102
1777 7103
1731 7104
1754 7105
1731 7106
1763 7107
1760 7108
1707 7109
1705 7110
1746 7111
1711 7112
1748 7113
1760 7114
1713 7115
2026 7116
1950 7117
13876 7118
2031 7119
1769 7120
1751 7121
1746 7122
1754 7123
1757 7124
1782 7125
1778 7126
1731 7127
1754 7128
1731 7129
1777 7130
1731 7131
1728 7132
1766 7133
1751 7134
1734 7135
1760 7136
1768 7137
1794 7138
1812 7139
1959 7140
8892 7141
2111 7142
1821 7143
1811 7144
1824 7145
1754 7146
1768 7147
1775 7148
1760 7149
1782 7150
1962 7151
1792 7152
1780 7153
1783 7154
1788 7155
1789 7156
1754 7157
1743 7158
1740 7159
1745 7160
1777 7161
1786 7162
1936 7163
1993 7164
6739 7165
1844 7166
1780 7167
1739 7168
1881 7169
1743 7170
1783 7171
1757 7172
1791 7173
1824 7174
1774 7175
1768 7176
1974 7177
1788 7178
1754 7179
1812 7180
1780 7181
1786 7182
1734 7183
1800 7184
1714 7185
1884 7186
1976 7187
7152 7188
1915 7189
1789 7190
1775 7191
1751 7192
1808 7193
1769 7194
1774 7195
1740 7196
1803 7197
1769 7198
1771 7199
1771 7200
1751 7201
1774 7202
1752 7203
1768 7204
1789 7205
1760 7206
1759 7207
1772 7208
1786 7209
1996 7210
8274 7211
2135 7212
1763 7213
1760 7214
1800 7215
1887 7216
1742 7217
1734 7218
1740 7219
1768 7220
1763 7221
1754 7222
1792 7223
1777 7224
1748 7225
1768 7226
1760 7227
1728 7228
1757 7229
1743 7230
1739 7231
1775 7232
1984 7233
6711 7234
2193 7235
1794 7236
1766 7237
1791 7238
1777 7239
1786 7240
1754 7241
1743 7242
1748 7243
1783 7244
1783 7245
1771 7246
1711 7247
1795 7248
14148 7249
2097 7250
1771 7251
1699 7252
1757 7253
1755 7254
1774 7255
2054 7256
1959 7257
7662 7258
1890 7259
1791 7260
1930 7261
1754 7262
1830 7263
1814 7264
1800 7265
1853 7266
1808 7267
1801 7268
1728 7269
1748 7270
1725 7271
1757 7272
1731 7273
1743 7274
1788 7275
1778 7276
1754 7277
1762 7278
1870 7279
1961 7280
6492 7281
1904 7282
1751 7283
1751 7284
1746 7285
1725 7286
1743 7287
1748 7288
1742 7289
1728 7290
1734 7291
1846 7292
1728 7293
1720 7294
1757 7295
1751 7296
1754 7297
1731 7298
1743 7299
1754 7300
1705 7301
1766 7302
1944 7303
7013 7304
1950 7305
1743 7306
1731 7307
1725 7308
1725 7309
1893 7310
1731 7311
1742 7312
1723 7313
1731 7314
1711 7315
1713 7316
1708 7317
1763 7318
1711 7319
1728 7320
1725 7321
1742 7322
1775 7323
1737 7324
1701 7325
1928 7326
2103 7327
6350 7328
1794 7329
1780 7330
1737 7331
1745 7332
1746 7333
1719 7334
1726 7335
1713 7336
1843 7337
1731 7338
1743 7339
1760 7340
1725 7341
1743 7342
1742 7343
1752 7344
1725 7345
1751 7346
1734 7347
1742 7348
1832 7349
1985 7350
6820 7351
1821 7352
1733 7353
1766 7354
1728 7355
1748 7356
1717 7357
1719 7358
1786 7359
1714 7360
1765 7361
1737 7362
1725 7363
1754 7364
1751 7365
1755 7366
1765 7367
1884 7368
1754 7369
1720 7370
1751 7371
1861 7372
1924 7373
6783 7374
1901 7375
1748 7376
1763 7377
1766 7378
1710 7379
1742 7380
1729 7381
1875 7382
1737 7383
1768 7384
1757 7385
1924 7386
1752 7387
1756 7388
1754 7389
1741 7390
1745 7391
1740 7392
1745 7393
1740 7394
1774 7395
1935 7396
6694 7397
2077 7398
1762 7399
1777 7400
1738 7401
1724 7402
1697 7403
1731 7404
1757 7405
1742 7406
1751 7407
1807 7408
1731 7409
1759 7410
1775 7411
1745 7412
1742 7413
1737 7414
1725 7415
1714 7416
1806 7417
1714 7418
1893 7419
1932 7420
6936 7421
1800 7422
1719 7423
1752 7424
1751 7425
1809 7426
1719 7427
1728 7428
1746 7429
1757 7430
1797 7431
1731 7432
1762 7433
1731 7434
1731 7435
1792 7436
1766 7437
1815 7438
1771 7439
1742 7440
1749 7441
2019 7442
1962 7443
7062 7444
1974 7445
1774 7446
1757 7447
1748 7448
1757 7449
1757 7450
1760 7451
1803 7452
1976 7453
1763 7454
1722 7455
1763 7456
1789 7457
1765 7458
1780 7459
1789 7460
1743 7461
1754 7462
1782 7463
1717 7464
1786 7465
1985 7466
9203 7467
2007 7468
1729 7469
1794 7470
1844 7471
1774 7472
1844 7473
8671 7474
134068 7475
3664 7476
1953 7477
1933 7478
1861 7479
1797 7480
1792 7481
1809 7482
1754 7483
1754 7484
1751 7485
1763 7486
1771 7487
1792 7488
2028 7489
9993 7490
1957 7491
1777 7492
1748 7493
1754 7494
1794 7495
1760 7496
1743 7497
1722 7498
1774 7499
1769 7500
1745 7501
1763 7502
1711 7503
1771 7504
1852 7505
1783 7506
1734 7507
1728 7508
1714 7509
1736 7510
1942 7511
1965 7512
7452 7513
2166 7514
1803 7515
1774 7516
1743 7517
1777 7518
1749 7519
5484 7520
2060 7521
1947 7522
9253 7523
2628 7524
1690 7525
1688 7526
1688 7527
1667 7528
1673 7529
1786 7530
1676 7531
1688 7532
1708 7533
1659 7534
1918 7535
1994 7536
8064 7537
1751 7538
1874 7539
1662 7540
1662 7541
1699 7542
1697 7543
1670 7544
1708 7545
1754 7546
1685 7547
1665 7548
1684 7549
1731 7550
1674 7551
1650 7552
1650 7553
1693 7554
1674 7555
1676 7556
1665 7557
1808 7558
1931 7559
7154 7560
1818 7561
1783 7562
1682 7563
1667 7564
1665 7565
1670 7566
1676 7567
1656 7568
1668 7569
1667 7570
1734 7571
1688 7572
1665 7573
1710 7574
1694 7575
1797 7576
1656 7577
1691 7578
1719 7579
1650 7580
1754 7581
1950 7582
7317 7583
1881 7584
1765 7585
1688 7586
1697 7587
1658 7588
1680 7589
1667 7590
1665 7591
1696 7592
1702 7593
1674 7594
1670 7595
1670 7596
1685 7597
1740 7598
1630 7599
1670 7600
1685 7601
1691 7602
1638 7603
1677 7604
1889 7605
1944 7606
6757 7607
1933 7608
1659 7609
1653 7610
1656 7611
1665 7612
1659 7613
1713 7614
1699 7615
1659 7616
1734 7617
1665 7618
1762 7619
1705 7620
1694 7621
1641 7622
1743 7623
1668 7624
1688 7625
1667 7626
1647 7627
1800 7628
1922 7629
7013 7630
1757 7631
1676 7632
1656 7633
1647 7634
1665 7635
1676 7636
1631 7637
1629 7638
1685 7639
1671 7640
1675 7641
1680 7642
1650 7643
1656 7644
1691 7645
1673 7646
1682 7647
15959 7648
2381 7649
1704 7650
1815 7651
1910 7652
7997 7653
1841 7654
1653 7655
1757 7656
22609 7657
2051 7658
1694 7659
1745 7660
1723 7661
1722 7662
1667 7663
1711 7664
1717 7665
1665 7666
1676 7667
1653 7668
1710 7669
1674 7670
1685 7671
1938 7672
1864 7673
1786 7674
1936 7675
8377 7676
2066 7677
1671 7678
1670 7679
1705 7680
1688 7681
1713 7682
1697 7683
1638 7684
1795 7685
1673 7686
1685 7687
1682 7688
1670 7689
1639 7690
1688 7691
1650 7692
1751 7693
1673 7694
1697 7695
1714 7696
1673 7697
1898 7698
1930 7699
6451 7700
1699 7701
1731 7702
1774 7703
1827 7704
1702 7705
1684 7706
1729 7707
1659 7708
1742 7709
1656 7710
1688 7711
1722 7712
1725 7713
1720 7714
1696 7715
1662 7716
1748 7717
1659 7718
1774 7719
1717 7720
1809 7721
1898 7722
6981 7723
1731 7724
1685 7725
1685 7726
1662 7727
1696 7728
1708 7729
1726 7730
1701 7731
1651 7732
1725 7733
1679 7734
1676 7735
1685 7736
1682 7737
1696 7738
1711 7739
1797 7740
1668 7741
1685 7742
1685 7743
1713 7744
1916 7745
9549 7746
1936 7747
1688 7748
1656 7749
1644 7750
1674 7751
1644 7752
1661 7753
1723 7754
1673 7755
1653 7756
1691 7757
1685 7758
1656 7759
1725 7760
1696 7761
1656 7762
1705 7763
1708 7764
1717 7765
1788 7766
1723 7767
1895 7768
6817 7769
2181 7770
1677 7771
1661 7772
1631 7773
1681 7774
1720 7775
1705 7776
1624 7777
1679 7778
1647 7779
1708 7780
1682 7781
1699 7782
1711 7783
1647 7784
1659 7785
1665 7786
1670 7787
1673 7788
1637 7789
1681 7790
1905 7791
1944 7792
13219 7793
1840 7794
1708 7795
1677 7796
1681 7797
1680 7798
1713 7799
1662 7800
1650 7801
1665 7802
1658 7803
1691 7804
1674 7805
1690 7806
1740 7807
1667 7808
1728 7809
1665 7810
1716 7811
1708 7812
1887 7813
1829 7814
1933 7815
7126 7816
1858 7817
1872 7818
1731 7819
1705 7820
1703 7821
1725 7822
1661 7823
1688 7824
1693 7825
1723 7826
1670 7827
1691 7828
1725 7829
1696 7830
1726 7831
1670 7832
1700 7833
1673 7834
1713 7835
1708 7836
1777 7837
1916 7838
7108 7839
1873 7840
1716 7841
1697 7842
1673 7843
1696 7844
1645 7845
1702 7846
1708 7847
1691 7848
1693 7849
1682 7850
1638 7851
1688 7852
1878 7853
1881 7854
1674 7855
1699 7856
1693 7857
1827 7858
1693 7859
1662 7860
1892 7861
1904 7862
7005 7863
1800 7864
1685 7865
1708 7866
1731 7867
1725 7868
1714 7869
1633 7870
1690 7871
1685 7872
1706 7873
1687 7874
1645 7875
1690 7876
1688 7877
1705 7878
1650 7879
1668 7880
1742 7881
1685 7882
1725 7883
1815 7884
1958 7885
7054 7886
1781 7887
1678 7888
1671 7889
1708 7890
1780 7891
1641 7892
1671 7893
1656 7894
1690 7895
1673 7896
1708 7897
1720 7898
1645 7899
1724 7900
1680 7901
1690 7902
1662 7903
1673 7904
1696 7905
1691 7906
1832 7907
1927 7908
6817 7909
1991 7910
1705 7911
1662 7912
1688 7913
1815 7914
1690 7915
1659 7916
1641 7917
1754 7918
1654 7919
1655 7920
1711 7921
1659 7922
1722 7923
1659 7924
1696 7925
1685 7926
1674 7927
1621 7928
1636 7929
1731 7930
1924 7931
6774 7932
2089 7933
1707 7934
1703 7935
1702 7936
1676 7937
1716 7938
1697 7939
1742 7940
1688 7941
1754 7942
1700 7943
1771 7944
1702 7945
1783 7946
1662 7947
1676 7948
1659 7949
1679 7950
1647 7951
1688 7952
1690 7953
1792 7954
1939 7955
6670 7956
1774 7957
1742 7958
1708 7959
1685 7960
1668 7961
1759 7962
1731 7963
1674 7964
1684 7965
1711 7966
1665 7967
1702 7968
1829 7969
1748 7970
1674 7971
1694 7972
1658 7973
1694 7974
1693 7975
1719 7976
1815 7977
1901 7978
7270 7979
1700 7980
1716 7981
1662 7982
1910 7983
1731 7984
1656 7985
1685 7986
1684 7987
1697 7988
1708 7989
1682 7990
1670 7991
1682 7992
1728 7993
1613 7994
1711 7995
1673 7996
1676 7997
1639 7998
1668 7999
1785 8000
1878 8001
7023 8002
1794 8003
1653 8004
1670 8005
1697 8006
1704 8007
1697 8008
1679 8009
1670 8010
1694 8011
1668 8012
1713 8013
1708 8014
1852 8015
1714 8016
1679 8017
1644 8018
1668 8019
1647 8020
1699 8021
1651 8022
1696 8023
1855 8024
6315 8025
2216 8026
1731 8027
1667 8028
1697 8029
1676 8030
1682 8031
1664 8032
1700 8033
1780 8034
1676 8035
1708 8036
1711 8037
1710 8038
1725 8039
1703 8040
1702 8041
1684 8042
1680 8043
1665 8044
1675 8045
1680 8046
2065 8047
1898 8048
6290 8049
1731 8050
1676 8051
1685 8052
1731 8053
1711 8054
1693 8055
1668 8056
1644 8057
1670 8058
1656 8059
1639 8060
1659 8061
1653 8062
1659 8063
1693 8064
1726 8065
1690 8066
1653 8067
1685 8068
1665 8069
1785 8070
1936 8071
9088 8072
1869 8073
1679 8074
1723 8075
1711 8076
1696 8077
1670 8078
1694 8079
1684 8080
1703 8081
1690 8082
1726 8083
1693 8084
1705 8085
1702 8086
1737 8087
1777 8088
1653 8089
1708 8090
1705 8091
1679 8092
1685 8093
1956 8094
8066 8095
1841 8096
1878 8097
1731 8098
1653 8099
1690 8100
1688 8101
1697 8102
1708 8103
1673 8104
1708 8105
1699 8106
1627 8107
1647 8108
1682 8109
1783 8110
1702 8111
1660 8112
1690 8113
1662 8114
1684 8115
1636 8116
1904 8117
1953 8118
6927 8119
1801 8120
1693 8121
1642 8122
1696 8123
1647 8124
1717 8125
1719 8126
1708 8127
1766 8128
1650 8129
1673 8130
1656 8131
1668 8132
1656 8133
1722 8134
1644 8135
1685 8136
1700 8137
1673 8138
1636 8139
1884 8140
1944 8141
6820 8142
1745 8143
1700 8144
1682 8145
1681 8146
1654 8147
1647 8148
1685 8149
1661 8150
1683 8151
1687 8152
1662 8153
1685 8154
1650 8155
15276 8156
1832 8157
1711 8158
1679 8159
1681 8160
1731 8161
1708 8162
1815 8163
1924 8164
8297 8165
1847 8166
1633 8167
1713 8168
1637 8169
1627 8170
1641 8171
1685 8172
1673 8173
1665 8174
1653 8175
1670 8176
1665 8177
1690 8178
1662 8179
1653 8180
1636 8181
1650 8182
1639 8183
1653 8184
1659 8185
1800 8186
1916 8187
6981 8188
1968 8189
1665 8190
1699 8191
1656 8192
1754 8193
1769 8194
1678 8195
1657 8196
1655 8197
1659 8198
1676 8199
1645 8200
1616 8201
1701 8202
1743 8203
1705 8204
1691 8205
1667 8206
1650 8207
1639 8208
1665 8209
1881 8210
1938 8211
6636 8212
1835 8213
1673 8214
1659 8215
1673 8216
1679 8217
1682 8218
1653 8219
1659 8220
1659 8221
1679 8222
1702 8223
1653 8224
1670 8225
1680 8226
1678 8227
1677 8228
1693 8229
1665 8230
1642 8231
1655 8232
1807 8233
1924 8234
6505 8235
1731 8236
1659 8237
1598 8238
1671 8239
1630 8240
1820 8241
1676 8242
1665 8243
1656 8244
1665 8245
1661 8246
1654 8247
1667 8248
1719 8249
1766 8250
1662 8251
1661 8252
1645 8253
1644 8254
1673 8255
1766 8256
1922 8257
6955 8258
1827 8259
1716 8260
1650 8261
1668 8262
1676 8263
1650 8264
1656 8265
1656 8266
1858 8267
1656 8268
1688 8269
1650 8270
1656 8271
1670 8272
1671 8273
1679 8274
1670 8275
1685 8276
1650 8277
1679 8278
1720 8279
1852 8280
6630 8281
2031 8282
1690 8283
1668 8284
1702 8285
1644 8286
1674 8287
1653 8288
1664 8289
1650 8290
1653 8291
1694 8292
1685 8293
137953 8294
3514 8295
1777 8296
1731 8297
1714 8298
1702 8299
1722 8300
1717 8301
1734 8302
1892 8303
19237 8304
2104 8305
1670 8306
1670 8307
1662 8308
1719 8309
1743 8310
1714 8311
1670 8312
1682 8313
1650 8314
1662 8315
1673 8316
1688 8317
1673 8318
1737 8319
1659 8320
1636 8321
1673 8322
1633 8323
1644 8324
1671 8325
1904 8326
1910 8327
6266 8328
1912 8329
1654 8330
1690 8331
1653 8332
1650 8333
1688 8334
1656 8335
1696 8336
1677 8337
1739 8338
1636 8339
1651 8340
1664 8341
1694 8342
1678 8343
1639 8344
1659 8345
1676 8346
1688 8347
1690 8348
1835 8349
1950 8350
9792 8351
1809 8352
1699 8353
1682 8354
1832 8355
1711 8356
1716 8357
1691 8358
1679 8359
1656 8360
1682 8361
1622 8362
1673 8363
1641 8364
1696 8365
1746 8366
1688 8367
1673 8368
1656 8369
1722 8370
1697 8371
1904 8372
1912 8373
6896 8374
1840 8375
1685 8376
1673 8377
1777 8378
1648 8379
1693 8380
1639 8381
1702 8382
1676 8383
1665 8384
1702 8385
1676 8386
1627 8387
1705 8388
1714 8389
1670 8390
1659 8391
1723 8392
1716 8393
1656 8394
1714 8395
1913 8396
7134 8397
1979 8398
1705 8399
1682 8400
1841 8401
1644 8402
1627 8403
1656 8404
1644 8405
1616 8406
1650 8407
1685 8408
1703 8409
1713 8410
1665 8411
1705 8412
1699 8413
1708 8414
1711 8415
1644 8416
1685 8417
1668 8418
1823 8419
1889 8420
6411 8421
1814 8422
1633 8423
1714 8424
1633 8425
1667 8426
1700 8427
1647 8428
1725 8429
1720 8430
1716 8431
1697 8432
1777 8433
1719 8434
1711 8435
1760 8436
1673 8437
1708 8438
1699 8439
1642 8440
1702 8441
1921 8442
1896 8443
6964 8444
1731 8445
1673 8446
1708 8447
1693 8448
1665 8449
1740 8450
1676 8451
1659 8452
1662 8453
1707 8454
1700 8455
1705 8456
1719 8457
1734 8458
1673 8459
1717 8460
1708 8461
1696 8462
1691 8463
1667 8464
1962 8465
1899 8466
13948 8467
1861 8468
1682 8469
1696 8470
1711 8471
1659 8472
1650 8473
1670 8474
1787 8475
1745 8476
1748 8477
1694 8478
1681 8479
1671 8480
1714 8481
1681 8482
1662 8483
1685 8484
1630 8485
1647 8486
1645 8487
1771 8488
1858 8489
6797 8490
2360 8491
1679 8492
1702 8493
1694 8494
1711 8495
1678 8496
1628 8497
1705 8498
1644 8499
1670 8500
1660 8501
1652 8502
1642 8503
1676 8504
1705 8505
1705 8506
1685 8507
1731 8508
1668 8509
1635 8510
1708 8511
1835 8512
1910 8513
6618 8514
1716 8515
1683 8516
1829 8517
1681 8518
1700 8519
1653 8520
1693 8521
1697 8522
1693 8523
1630 8524
1639 8525
1716 8526
1703 8527
1852 8528
1667 8529
1679 8530
1656 8531
1702 8532
1708 8533
1720 8534
1846 8535
2054 8536
6789 8537
1811 8538
1728 8539
1734 8540
1671 8541
1679 8542
1685 8543
1693 8544
1665 8545
1682 8546
1708 8547
1681 8548
1674 8549
1719 8550
1723 8551
1635 8552
1673 8553
1685 8554
1625 8555
1763 8556
1658 8557
1916 8558
1912 8559
6757 8560
1754 8561
1697 8562
1713 8563
1656 8564
1702 8565
1662 8566
1645 8567
1644 8568
1676 8569
1685 8570
1659 8571
1867 8572
1687 8573
1685 8574
1702 8575
1674 8576
1742 8577
1656 8578
1636 8579
1687 8580
1662 8581
1919 8582
1970 8583
28434 8584
1945 8585
1679 8586
1691 8587
1684 8588
1809 8589
1697 8590
1762 8591
1639 8592
1638 8593
1645 8594
1662 8595
1667 8596
1668 8597
1636 8598
1658 8599
1685 8600
1656 8601
1633 8602
1650 8603
1671 8604
1791 8605
1907 8606
7940 8607
1760 8608
1647 8609
1627 8610
1636 8611
1650 8612
1642 8613
1684 8614
1679 8615
1639 8616
1650 8617
1633 8618
1636 8619
1676 8620
1667 8621
1657 8622
1661 8623
1662 8624
1690 8625
1639 8626
1639 8627
1777 8628
1881 8629
6760 8630
1840 8631
1636 8632
1673 8633
1656 8634
1621 8635
1651 8636
1684 8637
1642 8638
1680 8639
1652 8640
1700 8641
1739 8642
1685 8643
1639 8644
1644 8645
1700 8646
1652 8647
1720 8648
1673 8649
1630 8650
1680 8651
1895 8652
7261 8653
1997 8654
1653 8655
1901 8656
1653 8657
1633 8658
1659 8659
1659 8660
1661 8661
1702 8662
1639 8663
1688 8664
1725 8665
1691 8666
1670 8667
1742 8668
1668 8669
1636 8670
1624 8671
286279 8672
7503 8673
1708 8674
1983 8675
1998 8676
15060 8677
1821 8678
1708 8679
1716 8680
1734 8681
1751 8682
1751 8683
1636 8684
1734 8685
1774 8686
1717 8687
1696 8688
1768 8689
1755 8690
1638 8691
1726 8692
1711 8693
1696 8694
1705 8695
1630 8696
1593 8697
1846 8698
2008 8699
7117 8700
1823 8701
1714 8702
1777 8703
1728 8704
1720 8705
1745 8706
1725 8707
1702 8708
1740 8709
1720 8710
1921 8711
1711 8712
1704 8713
1728 8714
1685 8715
1706 8716
1745 8717
1774 8718
1699 8719
1688 8720
1650 8721
1997 8722
6976 8723
1855 8724
1739 8725
1697 8726
1820 8727
1702 8728
1702 8729
1590 8730
1702 8731
1716 8732
1581 8733
1688 8734
1705 8735
1587 8736
1702 8737
1725 8738
1685 8739
1679 8740
1682 8741
1685 8742
1687 8743
1847 8744
1933 8745
6425 8746
2146 8747
1717 8748
1748 8749
1705 8750
1699 8751
1702 8752
1726 8753
1705 8754
1635 8755
1717 8756
1844 8757
1728 8758
1696 8759
1705 8760
1694 8761
1696 8762
1685 8763
1699 8764
1717 8765
1705 8766
1713 8767
1899 8768
1950 8769
6675 8770
1778 8771
1710 8772
1708 8773
1708 8774
1728 8775
1708 8776
1688 8777
1685 8778
1627 8779
1757 8780
1633 8781
1737 8782
1765 8783
1685 8784
1673 8785
1688 8786
1699 8787
1719 8788
1688 8789
1700 8790
1838 8791
1952 8792
6962 8793
1881 8794
1737 8795
1693 8796
1691 8797
1728 8798
1690 8799
1775 8800
1673 8801
1717 8802
1702 8803
1696 8804
1711 8805
1699 8806
1815 8807
1699 8808
1584 8809
1693 8810
1674 8811
1681 8812
1731 8813
1772 8814
1996 8815
7037 8816
1875 8817
1711 8818
1707 8819
1602 8820
1685 8821
1710 8822
1700 8823
1783 8824
1725 8825
1716 8826
1599 8827
1725 8828
1592 8829
1691 8830
1705 8831
1682 8832
1694 8833
1690 8834
1668 8835
1748 8836
1711 8837
1932 8838
2003 8839
6978 8840
1853 8841
1705 8842
1711 8843
1693 8844
1754 8845
1719 8846
1694 8847
1699 8848
1690 8849
1749 8850
1616 8851
1696 8852
1751 8853
1763 8854
1694 8855
1802 8856
1613 8857
1771 8858
1665 8859
1665 8860
1696 8861
1835 8862
6927 8863
1826 8864
1595 8865
1705 8866
1717 8867
1699 8868
1708 8869
1691 8870
1687 8871
1706 8872
1698 8873
1741 8874
1713 8875
1737 8876
1731 8877
1624 8878
1751 8879
1699 8880
1852 8881
1812 8882
1754 8883
1818 8884
1950 8885
6895 8886
1852 8887
1608 8888
1704 8889
1760 8890
1717 8891
1685 8892
1687 8893
1694 8894
1702 8895
1699 8896
1797 8897
1697 8898
1676 8899
1725 8900
1745 8901
1708 8902
1792 8903
1693 8904
1613 8905
1673 8906
1731 8907
1861 8908
6794 8909
2008 8910
1703 8911
1696 8912
1690 8913
1596 8914
1572 8915
1659 8916
1734 8917
1699 8918
1679 8919
1590 8920
1664 8921
1717 8922
1613 8923
1820 8924
1723 8925
1667 8926
1668 8927
1661 8928
1829 8929
1708 8930
2005 8931
1994 8932
29311 8933
1864 8934
1785 8935
1665 8936
1734 8937
1731 8938
1737 8939
1734 8940
1633 8941
1708 8942
1696 8943
1696 8944
1679 8945
1737 8946
1676 8947
1705 8948
1898 8949
1743 8950
1685 8951
1791 8952
1691 8953
1872 8954
1930 8955
7891 8956
1811 8957
1601 8958
1717 8959
1621 8960
1735 8961
1621 8962
1711 8963
1681 8964
1789 8965
1769 8966
1627 8967
1716 8968
1746 8969
1803 8970
1693 8971
1674 8972
1693 8973
1694 8974
1719 8975
1855 8976
1760 8977
1953 8978
6812 8979
1840 8980
1696 8981
1729 8982
1710 8983
1708 8984
1696 8985
1703 8986
1725 8987
1696 8988
1714 8989
1693 8990
1685 8991
1746 8992
1688 8993
1701 8994
1743 8995
1708 8996
1708 8997
1696 8998
1708 8999
1772 9000
1904 9001
8932 9002
2218 9003
1731 9004
1731 9005
1924 9006
1728 9007
1682 9008
1757 9009
1760 9010
1803 9011
1703 9012
1733 9013
1769 9014
1714 9015
1681 9016
1731 9017
1725 9018
1711 9019
1746 9020
1722 9021
1687 9022
1614 9023
1984 9024
1951 9025
7316 9026
1676 9027
1691 9028
1851 9029
1708 9030
1737 9031
1717 9032
1826 9033
1780 9034
1783 9035
1616 9036
1690 9037
1728 9038
1720 9039
1685 9040
1722 9041
1846 9042
1679 9043
1804 9044
1667 9045
1737 9046
1832 9047
1996 9048
6647 9049
1766 9050
1731 9051
1693 9052
1708 9053
1757 9054
1722 9055
1714 9056
1725 9057
1728 9058
1766 9059
1714 9060
1733 9061
1717 9062
1647 9063
1694 9064
1728 9065
1734 9066
1630 9067
1682 9068
1690 9069
1737 9070
1965 9071
6990 9072
1872 9073
1671 9074
1739 9075
1726 9076
1595 9077
1745 9078
1899 9079
1800 9080
1739 9081
1714 9082
1740 9083
1745 9084
1725 9085
1743 9086
1708 9087
1737 9088
1705 9089
1705 9090
1719 9091
1726 9092
1678 9093
1948 9094
1953 9095
6609 9096
1818 9097
1705 9098
1722 9099
1682 9100
1826 9101
1702 9102
1700 9103
1725 9104
1702 9105
1693 9106
1708 9107
1691 9108
1748 9109
1714 9110
1688 9111
203670 9112
3537 9113
1896 9114
1768 9115
1668 9116
2151 9117
2011 9118
11125 9119
1935 9120
1755 9121
1771 9122
1702 9123
1731 9124
1679 9125
1691 9126
1765 9127
1720 9128
1696 9129
1699 9130
1694 9131
1717 9132
1702 9133
1716 9134
1729 9135
1745 9136
1725 9137
1723 9138
1733 9139
1953 9140
1942 9141
13179 9142
1751 9143
1734 9144
1759 9145
1757 9146
1726 9147
1609 9148
1728 9149
1694 9150
1607 9151
1696 9152
1696 9153
1711 9154
1760 9155
1751 9156
1720 9157
1736 9158
1746 9159
1751 9160
1748 9161
1619 9162
1849 9163
2019 9164
6786 9165
1798 9166
1754 9167
1725 9168
1633 9169
1812 9170
1742 9171
1696 9172
1722 9173
1789 9174
1734 9175
1797 9176
1599 9177
1731 9178
1774 9179
1745 9180
1723 9181
1693 9182
1737 9183
1740 9184
1759 9185
1754 9186
2081 9187
6419 9188
1935 9189
1748 9190
1723 9191
1815 9192
1728 9193
1739 9194
1706 9195
1751 9196
1814 9197
1725 9198
1726 9199
1705 9200
1757 9201
1921 9202
1800 9203
1772 9204
1748 9205
1688 9206
1739 9207
1705 9208
1737 9209
1916 9210
1967 9211
6405 9212
1780 9213
1742 9214
1746 9215
1739 9216
1743 9217
1693 9218
1757 9219
1726 9220
1713 9221
1754 9222
1757 9223
1769 9224
1705 9225
1699 9226
1722 9227
1720 9228
1757 9229
1696 9230
1749 9231
1725 9232
1930 9233
1965 9234
6231 9235
1812 9236
1632 9237
1723 9238
1705 9239
1716 9240
1708 9241
1714 9242
1716 9243
1717 9244
1763 9245
1733 9246
1720 9247
1772 9248
1728 9249
1699 9250
1771 9251
1749 9252
1719 9253
1725 9254
1630 9255
1780 9256
1977 9257
7321 9258
1850 9259
1711 9260
1618 9261
1742 9262
1700 9263
1762 9264
1777 9265
1637 9266
1733 9267
1734 9268
1795 9269
1719 9270
1691 9271
1811 9272
1708 9273
1697 9274
1699 9275
1696 9276
1728 9277
1717 9278
1913 9279
1930 9280
9884 9281
2175 9282
1745 9283
1734 9284
1731 9285
1728 9286
1728 9287
1757 9288
1740 9289
1722 9290
1893 9291
1612 9292
1734 9293
1734 9294
1774 9295
1720 9296
1739 9297
1726 9298
1757 9299
1768 9300
1714 9301
1748 9302
2080 9303
2000 9304
6929 9305
1849 9306
1743 9307
1739 9308
1858 9309
1680 9310
1759 9311
1743 9312
1754 9313
1734 9314
1711 9315
1774 9316
33942 9317
4001 9318
1870 9319
1731 9320
1800 9321
1757 9322
1768 9323
1778 9324
1721 9325
1893 9326
1884 9327
10031 9328
2020 9329
1762 9330
1763 9331
1659 9332
1731 9333
1717 9334
1624 9335
1751 9336
1760 9337
1852 9338
1791 9339
1711 9340
1621 9341
1668 9342
1763 9343
1933 9344
1774 9345
1720 9346
1710 9347
1734 9348
1777 9349
1965 9350
7255 9351
1896 9352
1722 9353
1723 9354
1739 9355
1766 9356
1780 9357
1720 9358
1768 9359
1699 9360
1763 9361
1737 9362
1713 9363
1610 9364
1682 9365
1749 9366
1698 9367
1761 9368
1730 9369
1809 9370
1720 9371
1783 9372
1987 9373
1973 9374
6504 9375
1791 9376
1725 9377
1723 9378
1719 9379
1711 9380
1751 9381
1740 9382
1633 9383
1886 9384
1757 9385
1794 9386
1720 9387
1685 9388
1627 9389
1705 9390
1722 9391
1723 9392
1725 9393
1627 9394
1714 9395
1872 9396
1947 9397
7002 9398
1772 9399
1647 9400
1731 9401
1742 9402
1772 9403
1817 9404
1717 9405
1740 9406
1762 9407
1777 9408
1801 9409
1661 9410
1731 9411
1723 9412
1748 9413
1749 9414
1710 9415
1869 9416
1706 9417
1708 9418
1883 9419
1994 9420
6944 9421
1843 9422
1731 9423
1763 9424
1725 9425
1775 9426
1765 9427
1858 9428
1766 9429
1728 9430
1728 9431
1641 9432
1726 9433
1898 9434
1734 9435
1734 9436
1754 9437
1742 9438
1659 9439
1746 9440
1751 9441
1771 9442
1985 9443
6892 9444
2106 9445
1792 9446
1860 9447
1766 9448
1766 9449
1820 9450
1628 9451
1788 9452
1771 9453
1728 9454
1763 9455
1763 9456
1757 9457
1745 9458
1754 9459
1754 9460
1757 9461
1630 9462
1671 9463
1650 9464
1725 9465
1818 9466
1947 9467
7100 9468
1737 9469
1708 9470
1762 9471
1610 9472
1734 9473
1726 9474
1742 9475
1791 9476
1734 9477
2060 9478
1697 9479
1728 9480
1711 9481
1748 9482
1840 9483
1806 9484
1783 9485
1789 9486
1771 9487
1823 9488
2005 9489
2037 9490
7299 9491
1850 9492
1734 9493
1734 9494
1814 9495
1754 9496
1630 9497
1760 9498
1717 9499
1687 9500
1872 9501
1850 9502
1818 9503
1716 9504
1789 9505
1757 9506
1644 9507
1765 9508
1749 9509
1713 9510
1726 9511
1835 9512
2146 9513
9365 9514
1751 9515
1745 9516
1947 9517
1743 9518
1742 9519
1749 9520
1754 9521
1766 9522
1777 9523
1765 9524
1720 9525
1734 9526
1742 9527
1774 9528
1737 9529
1731 9530
1717 9531
1733 9532
1740 9533
1717 9534
1820 9535
1942 9536
6375 9537
2297 9538
1722 9539
1757 9540
1748 9541
1734 9542
1844 9543
1757 9544
1771 9545
1754 9546
1766 9547
1763 9548
1751 9549
1777 9550
1748 9551
1725 9552
1717 9553
1771 9554
1748 9555
1743 9556
1769 9557
1748 9558
1936 9559
1982 9560
6447 9561
1708 9562
1792 9563
1774 9564
1754 9565
1754 9566
1737 9567
1757 9568
1737 9569
1866 9570
1729 9571
1708 9572
1728 9573
1765 9574
1858 9575
1760 9576
1722 9577
1746 9578
1716 9579
1708 9580
1740 9581
1875 9582
1982 9583
6958 9584
1934 9585
1754 9586
1745 9587
1855 9588
1743 9589
1733 9590
1766 9591
1754 9592
1768 9593
1740 9594
1737 9595
1734 9596
1736 9597
1778 9598
1760 9599
1733 9600
1752 9601
1725 9602
1728 9603
1725 9604
1898 9605
1962 9606
9570 9607
1912 9608
1749 9609
1748 9610
1751 9611
1737 9612
1950 9613
1760 9614
1757 9615
1711 9616
1708 9617
1857 9618
1749 9619
1745 9620
1760 9621
1754 9622
1748 9623
1737 9624
1740 9625
1737 9626
1756 9627
1766 9628
1953 9629
1982 9630
7686 9631
1717 9632
1754 9633
1759 9634
1740 9635
1809 9636
1780 9637
1722 9638
1737 9639
1740 9640
1734 9641
1739 9642
1723 9643
1751 9644
1771 9645
1742 9646
1743 9647
1765 9648
1746 9649
1760 9650
1743 9651
1894 9652
1985 9653
6878 9654
1798 9655
1748 9656
1754 9657
1866 9658
1781 9659
1751 9660
1751 9661
1768 9662
1731 9663
1714 9664
1751 9665
1772 9666
1759 9667
1766 9668
1740 9669
1800 9670
1765 9671
1760 9672
1735 9673
1733 9674
1945 9675
1958 9676
6561 9677
1861 9678
1774 9679
1745 9680
1752 9681
1748 9682
1765 9683
1746 9684
1716 9685
1720 9686
1751 9687
1745 9688
1763 9689
1746 9690
1737 9691
1762 9692
1757 9693
1757 9694
1757 9695
15717 9696
2141 9697
1812 9698
1987 9699
7827 9700
2054 9701
1757 9702
1748 9703
1741 9704
1744 9705
1830 9706
1739 9707
1740 9708
1780 9709
1777 9710
1769 9711
1739 9712
1726 9713
1788 9714
1734 9715
1728 9716
1699 9717
1720 9718
1763 9719
1731 9720
1748 9721
1915 9722
1985 9723
6416 9724
1812 9725
1774 9726
1717 9727
1743 9728
1774 9729
1746 9730
1724 9731
1746 9732
1792 9733
1739 9734
1708 9735
1737 9736
1742 9737
1769 9738
1751 9739
1719 9740
1746 9741
1771 9742
1745 9743
1754 9744
1870 9745
1985 9746
6947 9747
1734 9748
1783 9749
1757 9750
1947 9751
1737 9752
1751 9753
1765 9754
1754 9755
1752 9756
1768 9757
1769 9758
1745 9759
1757 9760
1780 9761
1749 9762
1739 9763
1737 9764
1737 9765
1742 9766
1737 9767
1780 9768
2068 9769
6896 9770
1759 9771
1749 9772
1829 9773
1912 9774
1760 9775
1751 9776
1743 9777
1742 9778
1769 9779
1754 9780
1771 9781
1737 9782
1754 9783
1769 9784
1754 9785
1722 9786
1746 9787
1771 9788
1743 9789
1751 9790
16966 9791
2652 9792
7757 9793
2083 9794
1719 9795
1711 9796
1748 9797
1775 9798
1751 9799
1757 9800
1760 9801
1722 9802
1740 9803
1731 9804
1768 9805
1766 9806
1728 9807
1849 9808
1711 9809
1722 9810
1766 9811
1728 9812
1720 9813
1713 9814
1899 9815
1985 9816
6591 9817
1717 9818
1728 9819
1737 9820
1722 9821
1749 9822
1690 9823
1731 9824
1751 9825
1743 9826
1722 9827
1734 9828
1843 9829
1717 9830
1742 9831
1720 9832
1728 9833
1731 9834
1821 9835
1716 9836
1714 9837
1860 9838
1974 9839
6338 9840
1760 9841
1720 9842
1716 9843
1702 9844
1872 9845
1723 9846
1728 9847
1739 9848
1737 9849
1714 9850
1685 9851
1734 9852
1739 9853
1734 9854
1728 9855
1729 9856
1728 9857
1684 9858
1679 9859
1720 9860
1855 9861
1939 9862
13098 9863
1831 9864
1702 9865
1731 9866
1720 9867
1745 9868
1751 9869
1720 9870
1670 9871
1694 9872
1682 9873
1714 9874
1721 9875
1717 9876
1688 9877
1688 9878
1728 9879
1728 9880
1690 9881
1682 9882
1688 9883
1696 9884
1939 9885
1947 9886
6668 9887
1832 9888
1765 9889
1743 9890
1719 9891
1743 9892
1759 9893
1743 9894
1705 9895
1725 9896
1717 9897
1734 9898
1754 9899
1719 9900
1809 9901
1748 9902
1728 9903
1749 9904
1748 9905
1743 9906
1722 9907
1873 9908
1984 9909
6434 9910
1791 9911
1746 9912
1710 9913
1729 9914
1733 9915
1737 9916
1728 9917
1743 9918
1739 9919
1708 9920
1676 9921
1674 9922
1673 9923
1696 9924
1688 9925
1673 9926
1677 9927
1675 9928
1674 9929
139434 9930
3970 9931
2021 9932
10107 9933
1779 9934
1807 9935
1780 9936
1733 9937
1761 9938
1765 9939
1760 9940
1765 9941
1763 9942
1731 9943
1780 9944
1777 9945
1746 9946
1731 9947
1757 9948
1754 9949
1745 9950
1737 9951
1765 9952
1789 9953
1864 9954
2014 9955
7073 9956
1913 9957
1821 9958
1766 9959
1762 9960
1757 9961
1766 9962
1733 9963
1760 9964
1769 9965
1794 9966
1774 9967
1757 9968
1784 9969
1802 9970
1789 9971
1775 9972
1777 9973
1756 9974
1960 9975
1782 9976
1812 9977
2037 9978
6693 9979
1930 9980
1737 9981
1780 9982
1768 9983
1766 9984
1751 9985
1786 9986
1759 9987
1911 9988
1736 9989
1786 9990
1757 9991
1780 9992
1786 9993
1763 9994
1771 9995
1748 9996
1755 9997
1762 9998
1751 9999
